/*--------------------------------*- C++ -*----------------------------------*\
  =========                 |
  \\      /  F ield         | OpenFOAM: The Open Source CFD Toolbox
   \\    /   O peration     | Website:  https://openfoam.org
    \\  /    A nd           | Version:  dev
     \\/     M anipulation  |
\*---------------------------------------------------------------------------*/
FoamFile
{
    version     2.0;
    format      ascii;
    class       vectorField;
    location    "constant/polyMesh";
    object      points;
}
// * * * * * * * * * * * * * * * * * * * * * * * * * * * * * * * * * * * * * //


1642
(
(0.072 0.072 0)
(0.06635074075 0.07177866746 0)
(0.06073626959 0.0711147159 0)
(0.05519121188 0.07001224003 0)
(0.0497497649 0.06847803898 0)
(0.04444548694 0.06652157443 0)
(0.03931109038 0.06415491222 0)
(0.03437823986 0.06139264795 0)
(0.0296773571 0.05825181694 0)
(0.02523743321 0.05475178923 0)
(0.02108584994 0.05091415006 0)
(0.01724821077 0.04676256679 0)
(0.01374818306 0.0423226429 0)
(0.01060735205 0.03762176014 0)
(0.007845087779 0.03268890962 0)
(0.00547842557 0.02755451306 0)
(0.003521961022 0.0222502351 0)
(0.001987759975 0.01680878812 0)
(0.0008852840968 0.01126373041 0)
(0.0002213325391 0.005649259245 0)
(0 0 0)
(0.06663320372 0.07160973409 0)
(0.06129945611 0.07079898011 0)
(0.05603165128 0.06957162802 0)
(0.05086227665 0.06793413703 0)
(0.0458232126 0.06589549571 0)
(0.04094553586 0.06346716661 0)
(0.03625932787 0.06066301555 0)
(0.03179348925 0.0574992261 0)
(0.02757556155 0.05399419977 0)
(0.02363155744 0.05016844256 0)
(0.01998580023 0.04604443845 0)
(0.0166607739 0.04164651075 0)
(0.01367698445 0.03700067213 0)
(0.01105283339 0.03213446414 0)
(0.008804504291 0.0270767874 0)
(0.006945862971 0.02185772335 0)
(0.005488371976 0.01650834872 0)
(0.004441019892 0.01106054389 0)
(0.003810265912 0.005546796283 0)
(0.0036 0 0)
(0.06691566668 0.07144080071 0)
(0.06186264263 0.07048324431 0)
(0.05687209069 0.06913101602 0)
(0.05197478841 0.06739023508 0)
(0.04720093825 0.06526941699 0)
(0.04257998134 0.062779421 0)
(0.03814041588 0.05993338315 0)
(0.03390962139 0.05674663525 0)
(0.02991368989 0.05323661031 0)
(0.02617726494 0.04942273506 0)
(0.02272338969 0.04532631011 0)
(0.01957336475 0.04097037861 0)
(0.01674661685 0.03637958412 0)
(0.014260579 0.03158001866 0)
(0.01213058301 0.02659906175 0)
(0.01036976492 0.02146521159 0)
(0.008988983977 0.01620790931 0)
(0.007996755687 0.01085735737 0)
(0.007399199285 0.005444333321 0)
(0.0072 0 0)
(0.06719812964 0.07127186734 0)
(0.06242582915 0.07016750852 0)
(0.0577125301 0.06869040402 0)
(0.05308730016 0.06684633313 0)
(0.0485786639 0.06464333827 0)
(0.04421442682 0.06209167539 0)
(0.04002150388 0.05920375075 0)
(0.03602575354 0.0559940444 0)
(0.03225181823 0.05247902085 0)
(0.02872297245 0.04867702755 0)
(0.02546097915 0.04460818177 0)
(0.0224859556 0.04029424646 0)
(0.01981624925 0.03575849612 0)
(0.01746832461 0.03102557318 0)
(0.01545666173 0.0261213361 0)
(0.01379366687 0.02107269984 0)
(0.01248959598 0.0159074699 0)
(0.01155249148 0.01065417085 0)
(0.01098813266 0.005341870358 0)
(0.0108 0 0)
(0.0674805926 0.07110293397 0)
(0.06298901567 0.06985177272 0)
(0.0585529695 0.06824979202 0)
(0.05419981192 0.06630243118 0)
(0.04995638956 0.06401725954 0)
(0.0458488723 0.06140392978 0)
(0.04190259189 0.05847411836 0)
(0.03814188568 0.05524145355 0)
(0.03458994657 0.05172143139 0)
(0.03126867995 0.04793132005 0)
(0.02819856861 0.04389005343 0)
(0.02539854645 0.03961811432 0)
(0.02288588164 0.03513740811 0)
(0.02067607022 0.0304711277 0)
(0.01878274046 0.02564361044 0)
(0.01721756882 0.02068018808 0)
(0.01599020798 0.0156070305 0)
(0.01510822728 0.01045098433 0)
(0.01457706603 0.005239407396 0)
(0.0144 0 0)
(0.06776305557 0.0709340006 0)
(0.06355220219 0.06953603693 0)
(0.05939340891 0.06780918002 0)
(0.05531232367 0.06575852923 0)
(0.05133411521 0.06339118082 0)
(0.04748331778 0.06071618417 0)
(0.0437836799 0.05774448596 0)
(0.04025801783 0.05448886271 0)
(0.03692807491 0.05096384193 0)
(0.03381438745 0.04718561255 0)
(0.03093615807 0.04317192509 0)
(0.02831113729 0.03894198217 0)
(0.02595551404 0.0345163201 0)
(0.02388381583 0.02991668222 0)
(0.02210881918 0.02516588479 0)
(0.02064147077 0.02028767633 0)
(0.01949081998 0.01530659109 0)
(0.01866396307 0.01024779781 0)
(0.0181659994 0.005136944434 0)
(0.018 0 0)
(0.06804551853 0.07076506722 0)
(0.06411538871 0.06922030113 0)
(0.06023384831 0.06736856802 0)
(0.05642483543 0.06521462728 0)
(0.05271184086 0.0627651021 0)
(0.04911776326 0.06002843855 0)
(0.0456647679 0.05701485356 0)
(0.04237414997 0.05373627186 0)
(0.03926620325 0.05020625246 0)
(0.03636009496 0.04643990504 0)
(0.03367374754 0.04245379675 0)
(0.03122372814 0.03826585003 0)
(0.02902514644 0.0338952321 0)
(0.02709156145 0.02936223674 0)
(0.0254348979 0.02468815914 0)
(0.02406537272 0.01989516457 0)
(0.02299143198 0.01500615169 0)
(0.02221969887 0.01004461129 0)
(0.02175493278 0.005034481472 0)
(0.0216 0 0)
(0.06832798149 0.07059613385 0)
(0.06467857523 0.06890456534 0)
(0.06107428772 0.06692795602 0)
(0.05753734718 0.06467072534 0)
(0.05408956651 0.06213902338 0)
(0.05075220875 0.05934069294 0)
(0.04754585591 0.05628522117 0)
(0.04449028212 0.05298368101 0)
(0.04160433159 0.049448663 0)
(0.03890580246 0.04569419754 0)
(0.036411337 0.04173566841 0)
(0.03413631899 0.03758971788 0)
(0.03209477883 0.03327414409 0)
(0.03029930706 0.02880779125 0)
(0.02876097662 0.02421043349 0)
(0.02748927466 0.01950265282 0)
(0.02649204398 0.01470571228 0)
(0.02577543466 0.009841424766 0)
(0.02534386615 0.004932018509 0)
(0.0252 0 0)
(0.06861044445 0.07042720048 0)
(0.06524176175 0.06858882954 0)
(0.06191472713 0.06648734402 0)
(0.05864985894 0.06412682339 0)
(0.05546729217 0.06151294466 0)
(0.05238665423 0.05865294733 0)
(0.04942694392 0.05555558877 0)
(0.04660641426 0.05223109017 0)
(0.04394245993 0.04869107354 0)
(0.04145150996 0.04494849004 0)
(0.03914892646 0.04101754007 0)
(0.03704890983 0.03691358574 0)
(0.03516441123 0.03265305608 0)
(0.03350705267 0.02825334577 0)
(0.03208705534 0.02373270783 0)
(0.03091317661 0.01911014106 0)
(0.02999265598 0.01440527287 0)
(0.02933117046 0.009638238245 0)
(0.02893279952 0.004829555547 0)
(0.0288 0 0)
(0.06889290742 0.0702582671 0)
(0.06580494828 0.06827309375 0)
(0.06275516653 0.06604673201 0)
(0.05976237069 0.06358292144 0)
(0.05684501782 0.06088686594 0)
(0.05402109971 0.05796520172 0)
(0.05130803193 0.05482595637 0)
(0.04872254641 0.05147849932 0)
(0.04628058827 0.04793348408 0)
(0.04399721746 0.04420278254 0)
(0.04188651592 0.04029941173 0)
(0.03996150068 0.03623745359 0)
(0.03823404363 0.03203196807 0)
(0.03671479828 0.02769890029 0)
(0.03541313406 0.02325498218 0)
(0.03433707856 0.01871762931 0)
(0.03349326799 0.01410483347 0)
(0.03288690625 0.009435051725 0)
(0.0325217329 0.004727092585 0)
(0.0324 0 0)
(0.06917537038 0.07008933373 0)
(0.0663681348 0.06795735795 0)
(0.06359560594 0.06560612001 0)
(0.06087488245 0.06303901949 0)
(0.05822274347 0.06026078722 0)
(0.05565554519 0.05727745611 0)
(0.05318911993 0.05409632397 0)
(0.05083867855 0.05072590847 0)
(0.04861871661 0.04717589462 0)
(0.04654292497 0.04345707503 0)
(0.04462410538 0.03958128339 0)
(0.04287409153 0.03556132145 0)
(0.04130367603 0.03141088007 0)
(0.03992254389 0.02714445481 0)
(0.03873921278 0.02277725653 0)
(0.03776098051 0.01832511755 0)
(0.03699387999 0.01380439406 0)
(0.03644264205 0.009231865204 0)
(0.03611066627 0.004624629623 0)
(0.036 0 0)
(0.06945783334 0.06992040036 0)
(0.06693132132 0.06764162216 0)
(0.06443604534 0.06516550801 0)
(0.0619873942 0.06249511754 0)
(0.05960046912 0.05963470849 0)
(0.05728999067 0.0565897105 0)
(0.05507020794 0.05336669158 0)
(0.0529548107 0.04997331762 0)
(0.05095684495 0.04641830516 0)
(0.04908863247 0.04271136753 0)
(0.04736169484 0.03886315505 0)
(0.04578668238 0.0348851893 0)
(0.04437330842 0.03078979206 0)
(0.0431302895 0.02659000933 0)
(0.04206529151 0.02229953088 0)
(0.04118488246 0.0179326058 0)
(0.04049449199 0.01350395466 0)
(0.03999837784 0.009028678684 0)
(0.03969959964 0.00452216666 0)
(0.0396 0 0)
(0.0697402963 0.06975146698 0)
(0.06749450784 0.06732588636 0)
(0.06527648475 0.06472489601 0)
(0.06309990596 0.06195121559 0)
(0.06097819478 0.05900862977 0)
(0.05892443615 0.05590196489 0)
(0.05695129595 0.05263705918 0)
(0.05507094284 0.04922072678 0)
(0.05329497329 0.04566071569 0)
(0.05163433997 0.04196566003 0)
(0.05009928431 0.03814502671 0)
(0.04869927322 0.03420905716 0)
(0.04744294082 0.03016870405 0)
(0.04633803511 0.02603556385 0)
(0.04539137023 0.02182180522 0)
(0.04460878441 0.01754009404 0)
(0.04399510399 0.01320351525 0)
(0.04355411364 0.008825492163 0)
(0.04328853302 0.004419703698 0)
(0.0432 0 0)
(0.07002275926 0.06958253361 0)
(0.06805769436 0.06701015057 0)
(0.06611692416 0.06428428401 0)
(0.06421241771 0.06140731364 0)
(0.06235592043 0.05838255105 0)
(0.06055888163 0.05521421928 0)
(0.05883238395 0.05190742678 0)
(0.05718707499 0.04846813593 0)
(0.05563310162 0.04490312623 0)
(0.05418004748 0.04121995252 0)
(0.05283687377 0.03742689838 0)
(0.05161186407 0.03353292501 0)
(0.05051257322 0.02954761605 0)
(0.04954578072 0.02548111837 0)
(0.04871744895 0.02134407957 0)
(0.04803268636 0.01714758229 0)
(0.04749571599 0.01290307584 0)
(0.04710984943 0.008622305643 0)
(0.04687746639 0.004317240736 0)
(0.0468 0 0)
(0.07030522223 0.06941360024 0)
(0.06862088088 0.06669441477 0)
(0.06695736356 0.06384367201 0)
(0.06532492947 0.06086341169 0)
(0.06373364608 0.05775647233 0)
(0.06219332711 0.05452647367 0)
(0.06071347196 0.05117779438 0)
(0.05930320713 0.04771554508 0)
(0.05797122996 0.04414553677 0)
(0.05672575498 0.04047424502 0)
(0.05557446323 0.03670877004 0)
(0.05452445492 0.03285679287 0)
(0.05358220562 0.02892652804 0)
(0.05275352633 0.02492667289 0)
(0.05204352767 0.02086635392 0)
(0.05145658831 0.01675507053 0)
(0.05099632799 0.01260263644 0)
(0.05066558523 0.008419119123 0)
(0.05046639976 0.004214777774 0)
(0.0504 0 0)
(0.07058768519 0.06924466687 0)
(0.0691840674 0.06637867898 0)
(0.06779780297 0.06340306001 0)
(0.06643744122 0.06031950974 0)
(0.06511137174 0.05713039361 0)
(0.06382777259 0.05383872806 0)
(0.06259455997 0.05044816199 0)
(0.06141933928 0.04696295424 0)
(0.0603093583 0.04338794731 0)
(0.05927146248 0.03972853752 0)
(0.05831205269 0.0359906417 0)
(0.05743704576 0.03218066072 0)
(0.05665183801 0.02830544003 0)
(0.05596127194 0.02437222741 0)
(0.05536960639 0.02038862826 0)
(0.05488049026 0.01636255878 0)
(0.05449693999 0.01230219703 0)
(0.05422132102 0.008215932602 0)
(0.05405533313 0.004112314811 0)
(0.054 0 0)
(0.07087014815 0.06907573349 0)
(0.06974725392 0.06606294318 0)
(0.06863824238 0.06296244801 0)
(0.06754995298 0.0597756078 0)
(0.06648909739 0.05650431489 0)
(0.06546221808 0.05315098244 0)
(0.06447564797 0.04971852959 0)
(0.06353547142 0.04621036339 0)
(0.06264748664 0.04263035785 0)
(0.06181716999 0.03898283001 0)
(0.06104964215 0.03527251336 0)
(0.06034963661 0.03150452858 0)
(0.05972147041 0.02768435203 0)
(0.05916901756 0.02381778192 0)
(0.05869568511 0.01991090261 0)
(0.0583043922 0.01597004702 0)
(0.05799755199 0.01200175762 0)
(0.05777705682 0.008012746082 0)
(0.05764426651 0.004009851849 0)
(0.0576 0 0)
(0.07115261111 0.06890680012 0)
(0.07031044044 0.06574720739 0)
(0.06947868178 0.062521836 0)
(0.06866246473 0.05923170585 0)
(0.06786682304 0.05587823616 0)
(0.06709666356 0.05246323683 0)
(0.06635673598 0.04898889719 0)
(0.06565160357 0.04545777254 0)
(0.06498561498 0.04187276839 0)
(0.06436287749 0.03823712251 0)
(0.06378723161 0.03455438502 0)
(0.06326222746 0.03082839643 0)
(0.06279110281 0.02706326402 0)
(0.06237676317 0.02326333644 0)
(0.06202176384 0.01943317696 0)
(0.06172829415 0.01557753527 0)
(0.061498164 0.01170131822 0)
(0.06133279261 0.007809559561 0)
(0.06123319988 0.003907388887 0)
(0.0612 0 0)
(0.07143507408 0.06873786675 0)
(0.07087362696 0.06543147159 0)
(0.07031912119 0.062081224 0)
(0.06977497649 0.0586878039 0)
(0.06924454869 0.05525215744 0)
(0.06873110904 0.05177549122 0)
(0.06823782399 0.04825926479 0)
(0.06776773571 0.04470518169 0)
(0.06732374332 0.04111517892 0)
(0.06690858499 0.03749141501 0)
(0.06652482108 0.03383625668 0)
(0.06617481831 0.03015226429 0)
(0.06586073521 0.02644217601 0)
(0.06558450878 0.02270889096 0)
(0.06534784256 0.01895545131 0)
(0.0651521961 0.01518502351 0)
(0.064998776 0.01140087881 0)
(0.06488852841 0.007606373041 0)
(0.06482213325 0.003804925925 0)
(0.0648 0 0)
(0.07171753704 0.06856893337 0)
(0.07143681348 0.0651157358 0)
(0.07115956059 0.061640612 0)
(0.07088748824 0.05814390195 0)
(0.07062227435 0.05462607872 0)
(0.07036555452 0.05108774561 0)
(0.07011891199 0.0475296324 0)
(0.06988386786 0.04395259085 0)
(0.06966187166 0.04035758946 0)
(0.0694542925 0.0367457075 0)
(0.06926241054 0.03311812834 0)
(0.06908740915 0.02947613214 0)
(0.0689303676 0.02582108801 0)
(0.06879225439 0.02215444548 0)
(0.06867392128 0.01847772565 0)
(0.06857609805 0.01479251176 0)
(0.068499388 0.01110043941 0)
(0.0684442642 0.00740318652 0)
(0.06841106663 0.003702462962 0)
(0.0684 0 0)
(0.072 0.0684 0)
(0.072 0.0648 0)
(0.072 0.0612 0)
(0.072 0.0576 0)
(0.072 0.054 0)
(0.072 0.0504 0)
(0.072 0.0468 0)
(0.072 0.0432 0)
(0.072 0.0396 0)
(0.072 0.036 0)
(0.072 0.0324 0)
(0.072 0.0288 0)
(0.072 0.0252 0)
(0.072 0.0216 0)
(0.072 0.018 0)
(0.072 0.0144 0)
(0.072 0.0108 0)
(0.072 0.0072 0)
(0.072 0.0036 0)
(0.072 0 0)
(0.072 0.072 0.001)
(0.06635074075 0.07177866746 0.001)
(0.06073626959 0.0711147159 0.001)
(0.05519121188 0.07001224003 0.001)
(0.0497497649 0.06847803898 0.001)
(0.04444548694 0.06652157443 0.001)
(0.03931109038 0.06415491222 0.001)
(0.03437823986 0.06139264795 0.001)
(0.0296773571 0.05825181694 0.001)
(0.02523743321 0.05475178923 0.001)
(0.02108584994 0.05091415006 0.001)
(0.01724821077 0.04676256679 0.001)
(0.01374818306 0.0423226429 0.001)
(0.01060735205 0.03762176014 0.001)
(0.007845087779 0.03268890962 0.001)
(0.00547842557 0.02755451306 0.001)
(0.003521961022 0.0222502351 0.001)
(0.001987759975 0.01680878812 0.001)
(0.0008852840968 0.01126373041 0.001)
(0.0002213325391 0.005649259245 0.001)
(0 0 0.001)
(0.06663320372 0.07160973409 0.001)
(0.06129945611 0.07079898011 0.001)
(0.05603165128 0.06957162802 0.001)
(0.05086227665 0.06793413703 0.001)
(0.0458232126 0.06589549571 0.001)
(0.04094553586 0.06346716661 0.001)
(0.03625932787 0.06066301555 0.001)
(0.03179348925 0.0574992261 0.001)
(0.02757556155 0.05399419977 0.001)
(0.02363155744 0.05016844256 0.001)
(0.01998580023 0.04604443845 0.001)
(0.0166607739 0.04164651075 0.001)
(0.01367698445 0.03700067213 0.001)
(0.01105283339 0.03213446414 0.001)
(0.008804504291 0.0270767874 0.001)
(0.006945862971 0.02185772335 0.001)
(0.005488371976 0.01650834872 0.001)
(0.004441019892 0.01106054389 0.001)
(0.003810265912 0.005546796283 0.001)
(0.0036 0 0.001)
(0.06691566668 0.07144080071 0.001)
(0.06186264263 0.07048324431 0.001)
(0.05687209069 0.06913101602 0.001)
(0.05197478841 0.06739023508 0.001)
(0.04720093825 0.06526941699 0.001)
(0.04257998134 0.062779421 0.001)
(0.03814041588 0.05993338315 0.001)
(0.03390962139 0.05674663525 0.001)
(0.02991368989 0.05323661031 0.001)
(0.02617726494 0.04942273506 0.001)
(0.02272338969 0.04532631011 0.001)
(0.01957336475 0.04097037861 0.001)
(0.01674661685 0.03637958412 0.001)
(0.014260579 0.03158001866 0.001)
(0.01213058301 0.02659906175 0.001)
(0.01036976492 0.02146521159 0.001)
(0.008988983977 0.01620790931 0.001)
(0.007996755687 0.01085735737 0.001)
(0.007399199285 0.005444333321 0.001)
(0.0072 0 0.001)
(0.06719812964 0.07127186734 0.001)
(0.06242582915 0.07016750852 0.001)
(0.0577125301 0.06869040402 0.001)
(0.05308730016 0.06684633313 0.001)
(0.0485786639 0.06464333827 0.001)
(0.04421442682 0.06209167539 0.001)
(0.04002150388 0.05920375075 0.001)
(0.03602575354 0.0559940444 0.001)
(0.03225181823 0.05247902085 0.001)
(0.02872297245 0.04867702755 0.001)
(0.02546097915 0.04460818177 0.001)
(0.0224859556 0.04029424646 0.001)
(0.01981624925 0.03575849612 0.001)
(0.01746832461 0.03102557318 0.001)
(0.01545666173 0.0261213361 0.001)
(0.01379366687 0.02107269984 0.001)
(0.01248959598 0.0159074699 0.001)
(0.01155249148 0.01065417085 0.001)
(0.01098813266 0.005341870358 0.001)
(0.0108 0 0.001)
(0.0674805926 0.07110293397 0.001)
(0.06298901567 0.06985177272 0.001)
(0.0585529695 0.06824979202 0.001)
(0.05419981192 0.06630243118 0.001)
(0.04995638956 0.06401725954 0.001)
(0.0458488723 0.06140392978 0.001)
(0.04190259189 0.05847411836 0.001)
(0.03814188568 0.05524145355 0.001)
(0.03458994657 0.05172143139 0.001)
(0.03126867995 0.04793132005 0.001)
(0.02819856861 0.04389005343 0.001)
(0.02539854645 0.03961811432 0.001)
(0.02288588164 0.03513740811 0.001)
(0.02067607022 0.0304711277 0.001)
(0.01878274046 0.02564361044 0.001)
(0.01721756882 0.02068018808 0.001)
(0.01599020798 0.0156070305 0.001)
(0.01510822728 0.01045098433 0.001)
(0.01457706603 0.005239407396 0.001)
(0.0144 0 0.001)
(0.06776305557 0.0709340006 0.001)
(0.06355220219 0.06953603693 0.001)
(0.05939340891 0.06780918002 0.001)
(0.05531232367 0.06575852923 0.001)
(0.05133411521 0.06339118082 0.001)
(0.04748331778 0.06071618417 0.001)
(0.0437836799 0.05774448596 0.001)
(0.04025801783 0.05448886271 0.001)
(0.03692807491 0.05096384193 0.001)
(0.03381438745 0.04718561255 0.001)
(0.03093615807 0.04317192509 0.001)
(0.02831113729 0.03894198217 0.001)
(0.02595551404 0.0345163201 0.001)
(0.02388381583 0.02991668222 0.001)
(0.02210881918 0.02516588479 0.001)
(0.02064147077 0.02028767633 0.001)
(0.01949081998 0.01530659109 0.001)
(0.01866396307 0.01024779781 0.001)
(0.0181659994 0.005136944434 0.001)
(0.018 0 0.001)
(0.06804551853 0.07076506722 0.001)
(0.06411538871 0.06922030113 0.001)
(0.06023384831 0.06736856802 0.001)
(0.05642483543 0.06521462728 0.001)
(0.05271184086 0.0627651021 0.001)
(0.04911776326 0.06002843855 0.001)
(0.0456647679 0.05701485356 0.001)
(0.04237414997 0.05373627186 0.001)
(0.03926620325 0.05020625246 0.001)
(0.03636009496 0.04643990504 0.001)
(0.03367374754 0.04245379675 0.001)
(0.03122372814 0.03826585003 0.001)
(0.02902514644 0.0338952321 0.001)
(0.02709156145 0.02936223674 0.001)
(0.0254348979 0.02468815914 0.001)
(0.02406537272 0.01989516457 0.001)
(0.02299143198 0.01500615169 0.001)
(0.02221969887 0.01004461129 0.001)
(0.02175493278 0.005034481472 0.001)
(0.0216 0 0.001)
(0.06832798149 0.07059613385 0.001)
(0.06467857523 0.06890456534 0.001)
(0.06107428772 0.06692795602 0.001)
(0.05753734718 0.06467072534 0.001)
(0.05408956651 0.06213902338 0.001)
(0.05075220875 0.05934069294 0.001)
(0.04754585591 0.05628522117 0.001)
(0.04449028212 0.05298368101 0.001)
(0.04160433159 0.049448663 0.001)
(0.03890580246 0.04569419754 0.001)
(0.036411337 0.04173566841 0.001)
(0.03413631899 0.03758971788 0.001)
(0.03209477883 0.03327414409 0.001)
(0.03029930706 0.02880779125 0.001)
(0.02876097662 0.02421043349 0.001)
(0.02748927466 0.01950265282 0.001)
(0.02649204398 0.01470571228 0.001)
(0.02577543466 0.009841424766 0.001)
(0.02534386615 0.004932018509 0.001)
(0.0252 0 0.001)
(0.06861044445 0.07042720048 0.001)
(0.06524176175 0.06858882954 0.001)
(0.06191472713 0.06648734402 0.001)
(0.05864985894 0.06412682339 0.001)
(0.05546729217 0.06151294466 0.001)
(0.05238665423 0.05865294733 0.001)
(0.04942694392 0.05555558877 0.001)
(0.04660641426 0.05223109017 0.001)
(0.04394245993 0.04869107354 0.001)
(0.04145150996 0.04494849004 0.001)
(0.03914892646 0.04101754007 0.001)
(0.03704890983 0.03691358574 0.001)
(0.03516441123 0.03265305608 0.001)
(0.03350705267 0.02825334577 0.001)
(0.03208705534 0.02373270783 0.001)
(0.03091317661 0.01911014106 0.001)
(0.02999265598 0.01440527287 0.001)
(0.02933117046 0.009638238245 0.001)
(0.02893279952 0.004829555547 0.001)
(0.0288 0 0.001)
(0.06889290742 0.0702582671 0.001)
(0.06580494828 0.06827309375 0.001)
(0.06275516653 0.06604673201 0.001)
(0.05976237069 0.06358292144 0.001)
(0.05684501782 0.06088686594 0.001)
(0.05402109971 0.05796520172 0.001)
(0.05130803193 0.05482595637 0.001)
(0.04872254641 0.05147849932 0.001)
(0.04628058827 0.04793348408 0.001)
(0.04399721746 0.04420278254 0.001)
(0.04188651592 0.04029941173 0.001)
(0.03996150068 0.03623745359 0.001)
(0.03823404363 0.03203196807 0.001)
(0.03671479828 0.02769890029 0.001)
(0.03541313406 0.02325498218 0.001)
(0.03433707856 0.01871762931 0.001)
(0.03349326799 0.01410483347 0.001)
(0.03288690625 0.009435051725 0.001)
(0.0325217329 0.004727092585 0.001)
(0.0324 0 0.001)
(0.06917537038 0.07008933373 0.001)
(0.0663681348 0.06795735795 0.001)
(0.06359560594 0.06560612001 0.001)
(0.06087488245 0.06303901949 0.001)
(0.05822274347 0.06026078722 0.001)
(0.05565554519 0.05727745611 0.001)
(0.05318911993 0.05409632397 0.001)
(0.05083867855 0.05072590847 0.001)
(0.04861871661 0.04717589462 0.001)
(0.04654292497 0.04345707503 0.001)
(0.04462410538 0.03958128339 0.001)
(0.04287409153 0.03556132145 0.001)
(0.04130367603 0.03141088007 0.001)
(0.03992254389 0.02714445481 0.001)
(0.03873921278 0.02277725653 0.001)
(0.03776098051 0.01832511755 0.001)
(0.03699387999 0.01380439406 0.001)
(0.03644264205 0.009231865204 0.001)
(0.03611066627 0.004624629623 0.001)
(0.036 0 0.001)
(0.06945783334 0.06992040036 0.001)
(0.06693132132 0.06764162216 0.001)
(0.06443604534 0.06516550801 0.001)
(0.0619873942 0.06249511754 0.001)
(0.05960046912 0.05963470849 0.001)
(0.05728999067 0.0565897105 0.001)
(0.05507020794 0.05336669158 0.001)
(0.0529548107 0.04997331762 0.001)
(0.05095684495 0.04641830516 0.001)
(0.04908863247 0.04271136753 0.001)
(0.04736169484 0.03886315505 0.001)
(0.04578668238 0.0348851893 0.001)
(0.04437330842 0.03078979206 0.001)
(0.0431302895 0.02659000933 0.001)
(0.04206529151 0.02229953088 0.001)
(0.04118488246 0.0179326058 0.001)
(0.04049449199 0.01350395466 0.001)
(0.03999837784 0.009028678684 0.001)
(0.03969959964 0.00452216666 0.001)
(0.0396 0 0.001)
(0.0697402963 0.06975146698 0.001)
(0.06749450784 0.06732588636 0.001)
(0.06527648475 0.06472489601 0.001)
(0.06309990596 0.06195121559 0.001)
(0.06097819478 0.05900862977 0.001)
(0.05892443615 0.05590196489 0.001)
(0.05695129595 0.05263705918 0.001)
(0.05507094284 0.04922072678 0.001)
(0.05329497329 0.04566071569 0.001)
(0.05163433997 0.04196566003 0.001)
(0.05009928431 0.03814502671 0.001)
(0.04869927322 0.03420905716 0.001)
(0.04744294082 0.03016870405 0.001)
(0.04633803511 0.02603556385 0.001)
(0.04539137023 0.02182180522 0.001)
(0.04460878441 0.01754009404 0.001)
(0.04399510399 0.01320351525 0.001)
(0.04355411364 0.008825492163 0.001)
(0.04328853302 0.004419703698 0.001)
(0.0432 0 0.001)
(0.07002275926 0.06958253361 0.001)
(0.06805769436 0.06701015057 0.001)
(0.06611692416 0.06428428401 0.001)
(0.06421241771 0.06140731364 0.001)
(0.06235592043 0.05838255105 0.001)
(0.06055888163 0.05521421928 0.001)
(0.05883238395 0.05190742678 0.001)
(0.05718707499 0.04846813593 0.001)
(0.05563310162 0.04490312623 0.001)
(0.05418004748 0.04121995252 0.001)
(0.05283687377 0.03742689838 0.001)
(0.05161186407 0.03353292501 0.001)
(0.05051257322 0.02954761605 0.001)
(0.04954578072 0.02548111837 0.001)
(0.04871744895 0.02134407957 0.001)
(0.04803268636 0.01714758229 0.001)
(0.04749571599 0.01290307584 0.001)
(0.04710984943 0.008622305643 0.001)
(0.04687746639 0.004317240736 0.001)
(0.0468 0 0.001)
(0.07030522223 0.06941360024 0.001)
(0.06862088088 0.06669441477 0.001)
(0.06695736356 0.06384367201 0.001)
(0.06532492947 0.06086341169 0.001)
(0.06373364608 0.05775647233 0.001)
(0.06219332711 0.05452647367 0.001)
(0.06071347196 0.05117779438 0.001)
(0.05930320713 0.04771554508 0.001)
(0.05797122996 0.04414553677 0.001)
(0.05672575498 0.04047424502 0.001)
(0.05557446323 0.03670877004 0.001)
(0.05452445492 0.03285679287 0.001)
(0.05358220562 0.02892652804 0.001)
(0.05275352633 0.02492667289 0.001)
(0.05204352767 0.02086635392 0.001)
(0.05145658831 0.01675507053 0.001)
(0.05099632799 0.01260263644 0.001)
(0.05066558523 0.008419119123 0.001)
(0.05046639976 0.004214777774 0.001)
(0.0504 0 0.001)
(0.07058768519 0.06924466687 0.001)
(0.0691840674 0.06637867898 0.001)
(0.06779780297 0.06340306001 0.001)
(0.06643744122 0.06031950974 0.001)
(0.06511137174 0.05713039361 0.001)
(0.06382777259 0.05383872806 0.001)
(0.06259455997 0.05044816199 0.001)
(0.06141933928 0.04696295424 0.001)
(0.0603093583 0.04338794731 0.001)
(0.05927146248 0.03972853752 0.001)
(0.05831205269 0.0359906417 0.001)
(0.05743704576 0.03218066072 0.001)
(0.05665183801 0.02830544003 0.001)
(0.05596127194 0.02437222741 0.001)
(0.05536960639 0.02038862826 0.001)
(0.05488049026 0.01636255878 0.001)
(0.05449693999 0.01230219703 0.001)
(0.05422132102 0.008215932602 0.001)
(0.05405533313 0.004112314811 0.001)
(0.054 0 0.001)
(0.07087014815 0.06907573349 0.001)
(0.06974725392 0.06606294318 0.001)
(0.06863824238 0.06296244801 0.001)
(0.06754995298 0.0597756078 0.001)
(0.06648909739 0.05650431489 0.001)
(0.06546221808 0.05315098244 0.001)
(0.06447564797 0.04971852959 0.001)
(0.06353547142 0.04621036339 0.001)
(0.06264748664 0.04263035785 0.001)
(0.06181716999 0.03898283001 0.001)
(0.06104964215 0.03527251336 0.001)
(0.06034963661 0.03150452858 0.001)
(0.05972147041 0.02768435203 0.001)
(0.05916901756 0.02381778192 0.001)
(0.05869568511 0.01991090261 0.001)
(0.0583043922 0.01597004702 0.001)
(0.05799755199 0.01200175762 0.001)
(0.05777705682 0.008012746082 0.001)
(0.05764426651 0.004009851849 0.001)
(0.0576 0 0.001)
(0.07115261111 0.06890680012 0.001)
(0.07031044044 0.06574720739 0.001)
(0.06947868178 0.062521836 0.001)
(0.06866246473 0.05923170585 0.001)
(0.06786682304 0.05587823616 0.001)
(0.06709666356 0.05246323683 0.001)
(0.06635673598 0.04898889719 0.001)
(0.06565160357 0.04545777254 0.001)
(0.06498561498 0.04187276839 0.001)
(0.06436287749 0.03823712251 0.001)
(0.06378723161 0.03455438502 0.001)
(0.06326222746 0.03082839643 0.001)
(0.06279110281 0.02706326402 0.001)
(0.06237676317 0.02326333644 0.001)
(0.06202176384 0.01943317696 0.001)
(0.06172829415 0.01557753527 0.001)
(0.061498164 0.01170131822 0.001)
(0.06133279261 0.007809559561 0.001)
(0.06123319988 0.003907388887 0.001)
(0.0612 0 0.001)
(0.07143507408 0.06873786675 0.001)
(0.07087362696 0.06543147159 0.001)
(0.07031912119 0.062081224 0.001)
(0.06977497649 0.0586878039 0.001)
(0.06924454869 0.05525215744 0.001)
(0.06873110904 0.05177549122 0.001)
(0.06823782399 0.04825926479 0.001)
(0.06776773571 0.04470518169 0.001)
(0.06732374332 0.04111517892 0.001)
(0.06690858499 0.03749141501 0.001)
(0.06652482108 0.03383625668 0.001)
(0.06617481831 0.03015226429 0.001)
(0.06586073521 0.02644217601 0.001)
(0.06558450878 0.02270889096 0.001)
(0.06534784256 0.01895545131 0.001)
(0.0651521961 0.01518502351 0.001)
(0.064998776 0.01140087881 0.001)
(0.06488852841 0.007606373041 0.001)
(0.06482213325 0.003804925925 0.001)
(0.0648 0 0.001)
(0.07171753704 0.06856893337 0.001)
(0.07143681348 0.0651157358 0.001)
(0.07115956059 0.061640612 0.001)
(0.07088748824 0.05814390195 0.001)
(0.07062227435 0.05462607872 0.001)
(0.07036555452 0.05108774561 0.001)
(0.07011891199 0.0475296324 0.001)
(0.06988386786 0.04395259085 0.001)
(0.06966187166 0.04035758946 0.001)
(0.0694542925 0.0367457075 0.001)
(0.06926241054 0.03311812834 0.001)
(0.06908740915 0.02947613214 0.001)
(0.0689303676 0.02582108801 0.001)
(0.06879225439 0.02215444548 0.001)
(0.06867392128 0.01847772565 0.001)
(0.06857609805 0.01479251176 0.001)
(0.068499388 0.01110043941 0.001)
(0.0684442642 0.00740318652 0.001)
(0.06841106663 0.003702462962 0.001)
(0.0684 0 0.001)
(0.072 0.0684 0.001)
(0.072 0.0648 0.001)
(0.072 0.0612 0.001)
(0.072 0.0576 0.001)
(0.072 0.054 0.001)
(0.072 0.0504 0.001)
(0.072 0.0468 0.001)
(0.072 0.0432 0.001)
(0.072 0.0396 0.001)
(0.072 0.036 0.001)
(0.072 0.0324 0.001)
(0.072 0.0288 0.001)
(0.072 0.0252 0.001)
(0.072 0.0216 0.001)
(0.072 0.018 0.001)
(0.072 0.0144 0.001)
(0.072 0.0108 0.001)
(0.072 0.0072 0.001)
(0.072 0.0036 0.001)
(0.072 0 0.001)
(0.07228245238 0.06856890129 0)
(0.07256316327 0.06511567596 0)
(0.07284040202 0.06164052884 0)
(0.07311245937 0.05814379993 0)
(0.07337765802 0.05462596229 0)
(0.07363436294 0.05108761911 0)
(0.07388099149 0.04752950001 0)
(0.07411602314 0.04395245653 0)
(0.07433800884 0.04035745689 0)
(0.07454558 0.03674558 0)
(0.07473745689 0.03311800884 0)
(0.07491245653 0.02947602314 0)
(0.07506950001 0.02582099149 0)
(0.07520761911 0.02215436294 0)
(0.07532596229 0.01847765802 0)
(0.07542379993 0.01479245937 0)
(0.07550052884 0.01110040202 0)
(0.07555567596 0.007403163269 0)
(0.07558890129 0.003702452378 0)
(0.0756 0 0)
(0.07256490476 0.06873780258 0)
(0.07312632654 0.06543135191 0)
(0.07368080403 0.06208105767 0)
(0.07422491873 0.05868759986 0)
(0.07475531603 0.05525192458 0)
(0.07526872589 0.05177523822 0)
(0.07576198299 0.04825900002 0)
(0.07623204627 0.04470491306 0)
(0.07667601768 0.04111491378 0)
(0.07709116 0.03749116 0)
(0.07747491378 0.03383601768 0)
(0.07782491306 0.03015204627 0)
(0.07813900002 0.02644198299 0)
(0.07841523822 0.02270872589 0)
(0.07865192458 0.01895531603 0)
(0.07884759986 0.01518491873 0)
(0.07900105767 0.01140080403 0)
(0.07911135191 0.007606326539 0)
(0.07917780258 0.003804904757 0)
(0.0792 0 0)
(0.07284735713 0.06890670387 0)
(0.07368948981 0.06574702787 0)
(0.07452120605 0.06252158651 0)
(0.0753373781 0.05923139978 0)
(0.07613297405 0.05587788686 0)
(0.07690308883 0.05246285733 0)
(0.07764297448 0.04898850003 0)
(0.07834806941 0.0454573696 0)
(0.07901402652 0.04187237067 0)
(0.07963674 0.03823674 0)
(0.08021237067 0.03455402652 0)
(0.0807373696 0.03082806941 0)
(0.08120850003 0.02706297448 0)
(0.08162285733 0.02326308883 0)
(0.08197788686 0.01943297405 0)
(0.08227139978 0.0155773781 0)
(0.08250158651 0.01170120605 0)
(0.08266702787 0.007809489808 0)
(0.08276670387 0.003907357135 0)
(0.0828 0 0)
(0.07312980951 0.06907560517 0)
(0.07425265308 0.06606270382 0)
(0.07536160806 0.06296211534 0)
(0.07644983747 0.05977519971 0)
(0.07751063206 0.05650384915 0)
(0.07853745177 0.05315047644 0)
(0.07952396597 0.04971800004 0)
(0.08046409254 0.04620982613 0)
(0.08135203535 0.04262982755 0)
(0.08218232 0.03898232 0)
(0.08294982755 0.03527203535 0)
(0.08364982613 0.03150409254 0)
(0.08427800004 0.02768396597 0)
(0.08483047644 0.02381745177 0)
(0.08530384915 0.01991063206 0)
(0.08569519971 0.01596983747 0)
(0.08600211534 0.01200160806 0)
(0.08622270382 0.008012653078 0)
(0.08635560517 0.004009809513 0)
(0.0864 0 0)
(0.07341226189 0.06924450646 0)
(0.07481581635 0.06637837978 0)
(0.07620201008 0.06340264418 0)
(0.07756229683 0.06031899964 0)
(0.07888829008 0.05712981144 0)
(0.08017181471 0.05383809555 0)
(0.08140495747 0.05044750005 0)
(0.08258011568 0.04696228266 0)
(0.08369004419 0.04338728444 0)
(0.0847279 0.0397279 0)
(0.08568728444 0.03599004419 0)
(0.08656228266 0.03218011568 0)
(0.08734750005 0.02830495747 0)
(0.08803809555 0.02437181471 0)
(0.08862981144 0.02038829008 0)
(0.08911899964 0.01636229683 0)
(0.08950264418 0.01230201008 0)
(0.08977837978 0.008215816347 0)
(0.08994450646 0.004112261892 0)
(0.09 0 0)
(0.07369471427 0.06941340775 0)
(0.07537897962 0.06669405573 0)
(0.0770424121 0.06384317301 0)
(0.0786747562 0.06086279957 0)
(0.0802659481 0.05775577373 0)
(0.08180617766 0.05452571466 0)
(0.08328594896 0.05117700006 0)
(0.08469613882 0.04771473919 0)
(0.08602805303 0.04414474133 0)
(0.08727348 0.04047348 0)
(0.08842474133 0.03670805303 0)
(0.08947473919 0.03285613882 0)
(0.09041700006 0.02892594896 0)
(0.09124571466 0.02492617766 0)
(0.09195577373 0.0208659481 0)
(0.09254279957 0.0167547562 0)
(0.09300317301 0.0126024121 0)
(0.09333405573 0.008418979617 0)
(0.09353340775 0.00421471427 0)
(0.0936 0 0)
(0.07397716665 0.06958230904 0)
(0.07594214289 0.06700973169 0)
(0.07788281411 0.06428370185 0)
(0.07978721557 0.0614065995 0)
(0.08164360611 0.05838173602 0)
(0.0834405406 0.05521333377 0)
(0.08516694045 0.05190650007 0)
(0.08681216195 0.04846719572 0)
(0.08836606187 0.04490219822 0)
(0.08981906 0.04121906 0)
(0.09116219822 0.03742606187 0)
(0.09238719572 0.03353216195 0)
(0.09348650007 0.02954694045 0)
(0.09445333377 0.0254805406 0)
(0.09528173602 0.02134360611 0)
(0.0959665995 0.01714721557 0)
(0.09650370185 0.01290281411 0)
(0.09688973169 0.008622142886 0)
(0.09712230904 0.004317166648 0)
(0.0972 0 0)
(0.07425961903 0.06975121033 0)
(0.07650530616 0.06732540764 0)
(0.07872321613 0.06472423068 0)
(0.08089967493 0.06195039943 0)
(0.08302126413 0.0590076983 0)
(0.08507490354 0.05590095288 0)
(0.08704793194 0.05263600008 0)
(0.08892818509 0.04921965225 0)
(0.09070407071 0.04565965511 0)
(0.09236464 0.04196464 0)
(0.09389965511 0.03814407071 0)
(0.09529965225 0.03420818509 0)
(0.09655600008 0.03016793194 0)
(0.09766095288 0.02603490354 0)
(0.0986076983 0.02182126413 0)
(0.09939039943 0.01753967493 0)
(0.1000042307 0.01320321613 0)
(0.1004454076 0.008825306156 0)
(0.1007112103 0.004419619027 0)
(0.1008 0 0)
(0.0745420714 0.06992011162 0)
(0.07706846943 0.0676410836 0)
(0.07956361814 0.06516475952 0)
(0.0820121343 0.06249419935 0)
(0.08439892214 0.05963366059 0)
(0.08670926648 0.05658857199 0)
(0.08892892344 0.05336550009 0)
(0.09104420822 0.04997210879 0)
(0.09304207955 0.046417112 0)
(0.09491022 0.04271022 0)
(0.096637112 0.03886207955 0)
(0.09821210879 0.03488420822 0)
(0.09962550009 0.03078892344 0)
(0.100868572 0.02658926648 0)
(0.1019336606 0.02229892214 0)
(0.1028141994 0.0179321343 0)
(0.1035047595 0.01350361814 0)
(0.1040010836 0.009028469425 0)
(0.1043001116 0.004522071405 0)
(0.1044 0 0)
(0.07482452378 0.07008901291 0)
(0.07763163269 0.06795675955 0)
(0.08040402016 0.06560528835 0)
(0.08312459367 0.06303799928 0)
(0.08577658016 0.06025962288 0)
(0.08834362943 0.0572761911 0)
(0.09080991493 0.0540950001 0)
(0.09316023136 0.05072456532 0)
(0.09538008839 0.04717456888 0)
(0.0974558 0.0434558 0)
(0.09937456888 0.03958008839 0)
(0.1011245653 0.03556023136 0)
(0.1026950001 0.03140991493 0)
(0.1040761911 0.02714362943 0)
(0.1052596229 0.02277658016 0)
(0.1062379993 0.01832459367 0)
(0.1070052884 0.01380402016 0)
(0.1075567596 0.009231632695 0)
(0.1078890129 0.004624523783 0)
(0.108 0 0)
(0.07510697616 0.0702579142 0)
(0.07819479596 0.06827243551 0)
(0.08124442217 0.06604581719 0)
(0.08423705303 0.06358179921 0)
(0.08715423817 0.06088558517 0)
(0.08997799237 0.0579638102 0)
(0.09269090642 0.05482450011 0)
(0.0952762545 0.05147702185 0)
(0.09771809722 0.04793202577 0)
(0.10000138 0.04420138 0)
(0.1021120258 0.04029809722 0)
(0.1040370218 0.0362362545 0)
(0.1057645001 0.03203090642 0)
(0.1072838102 0.02769799237 0)
(0.1085855852 0.02325423817 0)
(0.1096617992 0.01871705303 0)
(0.1105058172 0.01410442217 0)
(0.1111124355 0.009434795964 0)
(0.1114779142 0.004726976162 0)
(0.1116 0 0)
(0.07538942854 0.0704268155 0)
(0.07875795923 0.06858811146 0)
(0.08208482419 0.06648634603 0)
(0.0853495124 0.06412559914 0)
(0.08853189619 0.06151154745 0)
(0.09161235531 0.05865142931 0)
(0.09457189792 0.05555400013 0)
(0.09739227763 0.05222947838 0)
(0.1000561061 0.04868948266 0)
(0.10254696 0.04494696 0)
(0.1048494827 0.04101610606 0)
(0.1069494784 0.03691227763 0)
(0.1088340001 0.03265189792 0)
(0.1104914293 0.02825235531 0)
(0.1119115475 0.02373189619 0)
(0.1130855991 0.0191095124 0)
(0.114006346 0.01440482419 0)
(0.1146681115 0.009637959234 0)
(0.1150668155 0.00482942854 0)
(0.1152 0 0)
(0.07567188092 0.07059571679 0)
(0.0793211225 0.06890378742 0)
(0.08292522621 0.06692687486 0)
(0.08646197177 0.06466939907 0)
(0.08990955421 0.06213750974 0)
(0.09324671826 0.05933904842 0)
(0.09645288941 0.05628350014 0)
(0.09950830077 0.05298193491 0)
(0.1023941149 0.04944693955 0)
(0.10509254 0.04569254 0)
(0.1075869395 0.0417341149 0)
(0.1098619349 0.03758830077 0)
(0.1119035001 0.03327288941 0)
(0.1136990484 0.02880671826 0)
(0.1152375097 0.02420955421 0)
(0.1165093991 0.01950197177 0)
(0.1175068749 0.01470522621 0)
(0.1182237874 0.009841122503 0)
(0.1186557168 0.004931880918 0)
(0.1188 0 0)
(0.0759543333 0.07076461808 0)
(0.07988428577 0.06921946338 0)
(0.08376562822 0.0673674037 0)
(0.08757443113 0.065213199 0)
(0.09128721222 0.06276347203 0)
(0.0948810812 0.06002666753 0)
(0.0983338809 0.05701300015 0)
(0.1016243239 0.05373439144 0)
(0.1047321237 0.05020439644 0)
(0.10763812 0.04643812 0)
(0.1103243964 0.04245212374 0)
(0.1127743914 0.0382643239 0)
(0.1149730001 0.0338938809 0)
(0.1169066675 0.0293610812 0)
(0.118563472 0.02468721222 0)
(0.119933199 0.01989443113 0)
(0.1210074037 0.01500562822 0)
(0.1217794634 0.01004428577 0)
(0.1222446181 0.005034333297 0)
(0.1224 0 0)
(0.07623678567 0.07093351937 0)
(0.08044744904 0.06953513933 0)
(0.08460603024 0.06780793253 0)
(0.0886868905 0.06575699892 0)
(0.09266487024 0.06338943432 0)
(0.09651544414 0.06071428664 0)
(0.1002148724 0.05774250016 0)
(0.103740347 0.05448684798 0)
(0.1070701326 0.05096185333 0)
(0.1101837 0.0471837 0)
(0.1130618533 0.04317013258 0)
(0.115686848 0.03894034704 0)
(0.1180425002 0.0345148724 0)
(0.1201142866 0.02991544414 0)
(0.1218894343 0.02516487024 0)
(0.1233569989 0.0202868905 0)
(0.1245079325 0.01530603024 0)
(0.1253351393 0.01024744904 0)
(0.1258335194 0.005136785675 0)
(0.126 0 0)
(0.07651923805 0.07110242066 0)
(0.08101061231 0.06985081529 0)
(0.08544643225 0.06824846137 0)
(0.08979934987 0.06630079885 0)
(0.09404252825 0.06401539661 0)
(0.09814980708 0.06140190575 0)
(0.1020958639 0.05847200017 0)
(0.1058563702 0.05523930451 0)
(0.1094081414 0.05171931022 0)
(0.11272928 0.04792928 0)
(0.1157993102 0.04388814142 0)
(0.1185993045 0.03961637018 0)
(0.1211120002 0.03513586389 0)
(0.1233219058 0.03046980708 0)
(0.1252153966 0.02564252825 0)
(0.1267807989 0.02067934987 0)
(0.1280084614 0.01560643225 0)
(0.1288908153 0.01045061231 0)
(0.1294224207 0.005239238053 0)
(0.1296 0 0)
(0.07680169043 0.07127132195 0)
(0.08157377558 0.07016649124 0)
(0.08628683427 0.0686889902 0)
(0.09091180923 0.06684459878 0)
(0.09542018627 0.06464135889 0)
(0.09978417003 0.06208952486 0)
(0.1039768554 0.05920150018 0)
(0.1079723933 0.05599176104 0)
(0.1117461503 0.0524767671 0)
(0.11527486 0.04867486 0)
(0.1185367671 0.04460615026 0)
(0.121511761 0.04029239331 0)
(0.1241815002 0.03575685538 0)
(0.1265295249 0.03102417003 0)
(0.1285413589 0.02612018627 0)
(0.1302045988 0.02107180923 0)
(0.1315089902 0.01590683427 0)
(0.1324464912 0.01065377558 0)
(0.133011322 0.005341690431 0)
(0.1332 0 0)
(0.07708414281 0.07144022324 0)
(0.08213693885 0.0704821672 0)
(0.08712723629 0.06912951904 0)
(0.0920242686 0.06738839871 0)
(0.09679784429 0.06526732118 0)
(0.101418533 0.06277714397 0)
(0.1058578469 0.05993100019 0)
(0.1100884164 0.05674421757 0)
(0.1140841591 0.05323422399 0)
(0.11782044 0.04942044 0)
(0.121274224 0.0453241591 0)
(0.1244242176 0.04096841645 0)
(0.1272510002 0.03637784687 0)
(0.129737144 0.03157853297 0)
(0.1318673212 0.02659784429 0)
(0.1336283987 0.0214642686 0)
(0.135009519 0.01620723629 0)
(0.1360021672 0.01085693885 0)
(0.1366002232 0.00544414281 0)
(0.1368 0 0)
(0.07736659519 0.07160912453 0)
(0.08270010212 0.07079784315 0)
(0.0879676383 0.06957004787 0)
(0.09313672797 0.06793219864 0)
(0.0981755023 0.06589328347 0)
(0.1030528959 0.06346476308 0)
(0.1077388384 0.0606605002 0)
(0.1122044396 0.0574966741 0)
(0.1164221679 0.05399168088 0)
(0.12036602 0.05016602 0)
(0.1240116809 0.04604216793 0)
(0.1273366741 0.04164443958 0)
(0.1303205002 0.03699883837 0)
(0.1329447631 0.03213289591 0)
(0.1351932835 0.0270755023 0)
(0.1370521986 0.02185672797 0)
(0.1385100479 0.0165076383 0)
(0.1395578432 0.01106010212 0)
(0.1401891245 0.005546595188 0)
(0.1404 0 0)
(0.07764904757 0.07177802583 0)
(0.08326326539 0.07111351911 0)
(0.08880804032 0.07001057671 0)
(0.09424918734 0.06847599857 0)
(0.09955316032 0.06651924576 0)
(0.1046872589 0.06415238219 0)
(0.1096198299 0.06139000021 0)
(0.1143204627 0.05824913064 0)
(0.1187601768 0.05474913777 0)
(0.1229116 0.0509116 0)
(0.1267491378 0.04676017677 0)
(0.1302491306 0.04232046272 0)
(0.1333900002 0.03761982986 0)
(0.1361523822 0.03268725885 0)
(0.1385192458 0.02755316032 0)
(0.1404759986 0.02224918734 0)
(0.1420105767 0.01680804032 0)
(0.1431135191 0.01126326539 0)
(0.1437780258 0.005649047566 0)
(0.144 0 0)
(0.07228245238 0.06856890129 0.001)
(0.07256316327 0.06511567596 0.001)
(0.07284040202 0.06164052884 0.001)
(0.07311245937 0.05814379993 0.001)
(0.07337765802 0.05462596229 0.001)
(0.07363436294 0.05108761911 0.001)
(0.07388099149 0.04752950001 0.001)
(0.07411602314 0.04395245653 0.001)
(0.07433800884 0.04035745689 0.001)
(0.07454558 0.03674558 0.001)
(0.07473745689 0.03311800884 0.001)
(0.07491245653 0.02947602314 0.001)
(0.07506950001 0.02582099149 0.001)
(0.07520761911 0.02215436294 0.001)
(0.07532596229 0.01847765802 0.001)
(0.07542379993 0.01479245937 0.001)
(0.07550052884 0.01110040202 0.001)
(0.07555567596 0.007403163269 0.001)
(0.07558890129 0.003702452378 0.001)
(0.0756 0 0.001)
(0.07256490476 0.06873780258 0.001)
(0.07312632654 0.06543135191 0.001)
(0.07368080403 0.06208105767 0.001)
(0.07422491873 0.05868759986 0.001)
(0.07475531603 0.05525192458 0.001)
(0.07526872589 0.05177523822 0.001)
(0.07576198299 0.04825900002 0.001)
(0.07623204627 0.04470491306 0.001)
(0.07667601768 0.04111491378 0.001)
(0.07709116 0.03749116 0.001)
(0.07747491378 0.03383601768 0.001)
(0.07782491306 0.03015204627 0.001)
(0.07813900002 0.02644198299 0.001)
(0.07841523822 0.02270872589 0.001)
(0.07865192458 0.01895531603 0.001)
(0.07884759986 0.01518491873 0.001)
(0.07900105767 0.01140080403 0.001)
(0.07911135191 0.007606326539 0.001)
(0.07917780258 0.003804904757 0.001)
(0.0792 0 0.001)
(0.07284735713 0.06890670387 0.001)
(0.07368948981 0.06574702787 0.001)
(0.07452120605 0.06252158651 0.001)
(0.0753373781 0.05923139978 0.001)
(0.07613297405 0.05587788686 0.001)
(0.07690308883 0.05246285733 0.001)
(0.07764297448 0.04898850003 0.001)
(0.07834806941 0.0454573696 0.001)
(0.07901402652 0.04187237067 0.001)
(0.07963674 0.03823674 0.001)
(0.08021237067 0.03455402652 0.001)
(0.0807373696 0.03082806941 0.001)
(0.08120850003 0.02706297448 0.001)
(0.08162285733 0.02326308883 0.001)
(0.08197788686 0.01943297405 0.001)
(0.08227139978 0.0155773781 0.001)
(0.08250158651 0.01170120605 0.001)
(0.08266702787 0.007809489808 0.001)
(0.08276670387 0.003907357135 0.001)
(0.0828 0 0.001)
(0.07312980951 0.06907560517 0.001)
(0.07425265308 0.06606270382 0.001)
(0.07536160806 0.06296211534 0.001)
(0.07644983747 0.05977519971 0.001)
(0.07751063206 0.05650384915 0.001)
(0.07853745177 0.05315047644 0.001)
(0.07952396597 0.04971800004 0.001)
(0.08046409254 0.04620982613 0.001)
(0.08135203535 0.04262982755 0.001)
(0.08218232 0.03898232 0.001)
(0.08294982755 0.03527203535 0.001)
(0.08364982613 0.03150409254 0.001)
(0.08427800004 0.02768396597 0.001)
(0.08483047644 0.02381745177 0.001)
(0.08530384915 0.01991063206 0.001)
(0.08569519971 0.01596983747 0.001)
(0.08600211534 0.01200160806 0.001)
(0.08622270382 0.008012653078 0.001)
(0.08635560517 0.004009809513 0.001)
(0.0864 0 0.001)
(0.07341226189 0.06924450646 0.001)
(0.07481581635 0.06637837978 0.001)
(0.07620201008 0.06340264418 0.001)
(0.07756229683 0.06031899964 0.001)
(0.07888829008 0.05712981144 0.001)
(0.08017181471 0.05383809555 0.001)
(0.08140495747 0.05044750005 0.001)
(0.08258011568 0.04696228266 0.001)
(0.08369004419 0.04338728444 0.001)
(0.0847279 0.0397279 0.001)
(0.08568728444 0.03599004419 0.001)
(0.08656228266 0.03218011568 0.001)
(0.08734750005 0.02830495747 0.001)
(0.08803809555 0.02437181471 0.001)
(0.08862981144 0.02038829008 0.001)
(0.08911899964 0.01636229683 0.001)
(0.08950264418 0.01230201008 0.001)
(0.08977837978 0.008215816347 0.001)
(0.08994450646 0.004112261892 0.001)
(0.09 0 0.001)
(0.07369471427 0.06941340775 0.001)
(0.07537897962 0.06669405573 0.001)
(0.0770424121 0.06384317301 0.001)
(0.0786747562 0.06086279957 0.001)
(0.0802659481 0.05775577373 0.001)
(0.08180617766 0.05452571466 0.001)
(0.08328594896 0.05117700006 0.001)
(0.08469613882 0.04771473919 0.001)
(0.08602805303 0.04414474133 0.001)
(0.08727348 0.04047348 0.001)
(0.08842474133 0.03670805303 0.001)
(0.08947473919 0.03285613882 0.001)
(0.09041700006 0.02892594896 0.001)
(0.09124571466 0.02492617766 0.001)
(0.09195577373 0.0208659481 0.001)
(0.09254279957 0.0167547562 0.001)
(0.09300317301 0.0126024121 0.001)
(0.09333405573 0.008418979617 0.001)
(0.09353340775 0.00421471427 0.001)
(0.0936 0 0.001)
(0.07397716665 0.06958230904 0.001)
(0.07594214289 0.06700973169 0.001)
(0.07788281411 0.06428370185 0.001)
(0.07978721557 0.0614065995 0.001)
(0.08164360611 0.05838173602 0.001)
(0.0834405406 0.05521333377 0.001)
(0.08516694045 0.05190650007 0.001)
(0.08681216195 0.04846719572 0.001)
(0.08836606187 0.04490219822 0.001)
(0.08981906 0.04121906 0.001)
(0.09116219822 0.03742606187 0.001)
(0.09238719572 0.03353216195 0.001)
(0.09348650007 0.02954694045 0.001)
(0.09445333377 0.0254805406 0.001)
(0.09528173602 0.02134360611 0.001)
(0.0959665995 0.01714721557 0.001)
(0.09650370185 0.01290281411 0.001)
(0.09688973169 0.008622142886 0.001)
(0.09712230904 0.004317166648 0.001)
(0.0972 0 0.001)
(0.07425961903 0.06975121033 0.001)
(0.07650530616 0.06732540764 0.001)
(0.07872321613 0.06472423068 0.001)
(0.08089967493 0.06195039943 0.001)
(0.08302126413 0.0590076983 0.001)
(0.08507490354 0.05590095288 0.001)
(0.08704793194 0.05263600008 0.001)
(0.08892818509 0.04921965225 0.001)
(0.09070407071 0.04565965511 0.001)
(0.09236464 0.04196464 0.001)
(0.09389965511 0.03814407071 0.001)
(0.09529965225 0.03420818509 0.001)
(0.09655600008 0.03016793194 0.001)
(0.09766095288 0.02603490354 0.001)
(0.0986076983 0.02182126413 0.001)
(0.09939039943 0.01753967493 0.001)
(0.1000042307 0.01320321613 0.001)
(0.1004454076 0.008825306156 0.001)
(0.1007112103 0.004419619027 0.001)
(0.1008 0 0.001)
(0.0745420714 0.06992011162 0.001)
(0.07706846943 0.0676410836 0.001)
(0.07956361814 0.06516475952 0.001)
(0.0820121343 0.06249419935 0.001)
(0.08439892214 0.05963366059 0.001)
(0.08670926648 0.05658857199 0.001)
(0.08892892344 0.05336550009 0.001)
(0.09104420822 0.04997210879 0.001)
(0.09304207955 0.046417112 0.001)
(0.09491022 0.04271022 0.001)
(0.096637112 0.03886207955 0.001)
(0.09821210879 0.03488420822 0.001)
(0.09962550009 0.03078892344 0.001)
(0.100868572 0.02658926648 0.001)
(0.1019336606 0.02229892214 0.001)
(0.1028141994 0.0179321343 0.001)
(0.1035047595 0.01350361814 0.001)
(0.1040010836 0.009028469425 0.001)
(0.1043001116 0.004522071405 0.001)
(0.1044 0 0.001)
(0.07482452378 0.07008901291 0.001)
(0.07763163269 0.06795675955 0.001)
(0.08040402016 0.06560528835 0.001)
(0.08312459367 0.06303799928 0.001)
(0.08577658016 0.06025962288 0.001)
(0.08834362943 0.0572761911 0.001)
(0.09080991493 0.0540950001 0.001)
(0.09316023136 0.05072456532 0.001)
(0.09538008839 0.04717456888 0.001)
(0.0974558 0.0434558 0.001)
(0.09937456888 0.03958008839 0.001)
(0.1011245653 0.03556023136 0.001)
(0.1026950001 0.03140991493 0.001)
(0.1040761911 0.02714362943 0.001)
(0.1052596229 0.02277658016 0.001)
(0.1062379993 0.01832459367 0.001)
(0.1070052884 0.01380402016 0.001)
(0.1075567596 0.009231632695 0.001)
(0.1078890129 0.004624523783 0.001)
(0.108 0 0.001)
(0.07510697616 0.0702579142 0.001)
(0.07819479596 0.06827243551 0.001)
(0.08124442217 0.06604581719 0.001)
(0.08423705303 0.06358179921 0.001)
(0.08715423817 0.06088558517 0.001)
(0.08997799237 0.0579638102 0.001)
(0.09269090642 0.05482450011 0.001)
(0.0952762545 0.05147702185 0.001)
(0.09771809722 0.04793202577 0.001)
(0.10000138 0.04420138 0.001)
(0.1021120258 0.04029809722 0.001)
(0.1040370218 0.0362362545 0.001)
(0.1057645001 0.03203090642 0.001)
(0.1072838102 0.02769799237 0.001)
(0.1085855852 0.02325423817 0.001)
(0.1096617992 0.01871705303 0.001)
(0.1105058172 0.01410442217 0.001)
(0.1111124355 0.009434795964 0.001)
(0.1114779142 0.004726976162 0.001)
(0.1116 0 0.001)
(0.07538942854 0.0704268155 0.001)
(0.07875795923 0.06858811146 0.001)
(0.08208482419 0.06648634603 0.001)
(0.0853495124 0.06412559914 0.001)
(0.08853189619 0.06151154745 0.001)
(0.09161235531 0.05865142931 0.001)
(0.09457189792 0.05555400013 0.001)
(0.09739227763 0.05222947838 0.001)
(0.1000561061 0.04868948266 0.001)
(0.10254696 0.04494696 0.001)
(0.1048494827 0.04101610606 0.001)
(0.1069494784 0.03691227763 0.001)
(0.1088340001 0.03265189792 0.001)
(0.1104914293 0.02825235531 0.001)
(0.1119115475 0.02373189619 0.001)
(0.1130855991 0.0191095124 0.001)
(0.114006346 0.01440482419 0.001)
(0.1146681115 0.009637959234 0.001)
(0.1150668155 0.00482942854 0.001)
(0.1152 0 0.001)
(0.07567188092 0.07059571679 0.001)
(0.0793211225 0.06890378742 0.001)
(0.08292522621 0.06692687486 0.001)
(0.08646197177 0.06466939907 0.001)
(0.08990955421 0.06213750974 0.001)
(0.09324671826 0.05933904842 0.001)
(0.09645288941 0.05628350014 0.001)
(0.09950830077 0.05298193491 0.001)
(0.1023941149 0.04944693955 0.001)
(0.10509254 0.04569254 0.001)
(0.1075869395 0.0417341149 0.001)
(0.1098619349 0.03758830077 0.001)
(0.1119035001 0.03327288941 0.001)
(0.1136990484 0.02880671826 0.001)
(0.1152375097 0.02420955421 0.001)
(0.1165093991 0.01950197177 0.001)
(0.1175068749 0.01470522621 0.001)
(0.1182237874 0.009841122503 0.001)
(0.1186557168 0.004931880918 0.001)
(0.1188 0 0.001)
(0.0759543333 0.07076461808 0.001)
(0.07988428577 0.06921946338 0.001)
(0.08376562822 0.0673674037 0.001)
(0.08757443113 0.065213199 0.001)
(0.09128721222 0.06276347203 0.001)
(0.0948810812 0.06002666753 0.001)
(0.0983338809 0.05701300015 0.001)
(0.1016243239 0.05373439144 0.001)
(0.1047321237 0.05020439644 0.001)
(0.10763812 0.04643812 0.001)
(0.1103243964 0.04245212374 0.001)
(0.1127743914 0.0382643239 0.001)
(0.1149730001 0.0338938809 0.001)
(0.1169066675 0.0293610812 0.001)
(0.118563472 0.02468721222 0.001)
(0.119933199 0.01989443113 0.001)
(0.1210074037 0.01500562822 0.001)
(0.1217794634 0.01004428577 0.001)
(0.1222446181 0.005034333297 0.001)
(0.1224 0 0.001)
(0.07623678567 0.07093351937 0.001)
(0.08044744904 0.06953513933 0.001)
(0.08460603024 0.06780793253 0.001)
(0.0886868905 0.06575699892 0.001)
(0.09266487024 0.06338943432 0.001)
(0.09651544414 0.06071428664 0.001)
(0.1002148724 0.05774250016 0.001)
(0.103740347 0.05448684798 0.001)
(0.1070701326 0.05096185333 0.001)
(0.1101837 0.0471837 0.001)
(0.1130618533 0.04317013258 0.001)
(0.115686848 0.03894034704 0.001)
(0.1180425002 0.0345148724 0.001)
(0.1201142866 0.02991544414 0.001)
(0.1218894343 0.02516487024 0.001)
(0.1233569989 0.0202868905 0.001)
(0.1245079325 0.01530603024 0.001)
(0.1253351393 0.01024744904 0.001)
(0.1258335194 0.005136785675 0.001)
(0.126 0 0.001)
(0.07651923805 0.07110242066 0.001)
(0.08101061231 0.06985081529 0.001)
(0.08544643225 0.06824846137 0.001)
(0.08979934987 0.06630079885 0.001)
(0.09404252825 0.06401539661 0.001)
(0.09814980708 0.06140190575 0.001)
(0.1020958639 0.05847200017 0.001)
(0.1058563702 0.05523930451 0.001)
(0.1094081414 0.05171931022 0.001)
(0.11272928 0.04792928 0.001)
(0.1157993102 0.04388814142 0.001)
(0.1185993045 0.03961637018 0.001)
(0.1211120002 0.03513586389 0.001)
(0.1233219058 0.03046980708 0.001)
(0.1252153966 0.02564252825 0.001)
(0.1267807989 0.02067934987 0.001)
(0.1280084614 0.01560643225 0.001)
(0.1288908153 0.01045061231 0.001)
(0.1294224207 0.005239238053 0.001)
(0.1296 0 0.001)
(0.07680169043 0.07127132195 0.001)
(0.08157377558 0.07016649124 0.001)
(0.08628683427 0.0686889902 0.001)
(0.09091180923 0.06684459878 0.001)
(0.09542018627 0.06464135889 0.001)
(0.09978417003 0.06208952486 0.001)
(0.1039768554 0.05920150018 0.001)
(0.1079723933 0.05599176104 0.001)
(0.1117461503 0.0524767671 0.001)
(0.11527486 0.04867486 0.001)
(0.1185367671 0.04460615026 0.001)
(0.121511761 0.04029239331 0.001)
(0.1241815002 0.03575685538 0.001)
(0.1265295249 0.03102417003 0.001)
(0.1285413589 0.02612018627 0.001)
(0.1302045988 0.02107180923 0.001)
(0.1315089902 0.01590683427 0.001)
(0.1324464912 0.01065377558 0.001)
(0.133011322 0.005341690431 0.001)
(0.1332 0 0.001)
(0.07708414281 0.07144022324 0.001)
(0.08213693885 0.0704821672 0.001)
(0.08712723629 0.06912951904 0.001)
(0.0920242686 0.06738839871 0.001)
(0.09679784429 0.06526732118 0.001)
(0.101418533 0.06277714397 0.001)
(0.1058578469 0.05993100019 0.001)
(0.1100884164 0.05674421757 0.001)
(0.1140841591 0.05323422399 0.001)
(0.11782044 0.04942044 0.001)
(0.121274224 0.0453241591 0.001)
(0.1244242176 0.04096841645 0.001)
(0.1272510002 0.03637784687 0.001)
(0.129737144 0.03157853297 0.001)
(0.1318673212 0.02659784429 0.001)
(0.1336283987 0.0214642686 0.001)
(0.135009519 0.01620723629 0.001)
(0.1360021672 0.01085693885 0.001)
(0.1366002232 0.00544414281 0.001)
(0.1368 0 0.001)
(0.07736659519 0.07160912453 0.001)
(0.08270010212 0.07079784315 0.001)
(0.0879676383 0.06957004787 0.001)
(0.09313672797 0.06793219864 0.001)
(0.0981755023 0.06589328347 0.001)
(0.1030528959 0.06346476308 0.001)
(0.1077388384 0.0606605002 0.001)
(0.1122044396 0.0574966741 0.001)
(0.1164221679 0.05399168088 0.001)
(0.12036602 0.05016602 0.001)
(0.1240116809 0.04604216793 0.001)
(0.1273366741 0.04164443958 0.001)
(0.1303205002 0.03699883837 0.001)
(0.1329447631 0.03213289591 0.001)
(0.1351932835 0.0270755023 0.001)
(0.1370521986 0.02185672797 0.001)
(0.1385100479 0.0165076383 0.001)
(0.1395578432 0.01106010212 0.001)
(0.1401891245 0.005546595188 0.001)
(0.1404 0 0.001)
(0.07764904757 0.07177802583 0.001)
(0.08326326539 0.07111351911 0.001)
(0.08880804032 0.07001057671 0.001)
(0.09424918734 0.06847599857 0.001)
(0.09955316032 0.06651924576 0.001)
(0.1046872589 0.06415238219 0.001)
(0.1096198299 0.06139000021 0.001)
(0.1143204627 0.05824913064 0.001)
(0.1187601768 0.05474913777 0.001)
(0.1229116 0.0509116 0.001)
(0.1267491378 0.04676017677 0.001)
(0.1302491306 0.04232046272 0.001)
(0.1333900002 0.03761982986 0.001)
(0.1361523822 0.03268725885 0.001)
(0.1385192458 0.02755316032 0.001)
(0.1404759986 0.02224918734 0.001)
(0.1420105767 0.01680804032 0.001)
(0.1431135191 0.01126326539 0.001)
(0.1437780258 0.005649047566 0.001)
(0.144 0 0.001)
)


// ************************************************************************* //
