/*--------------------------------*- C++ -*----------------------------------*\
  =========                 |
  \\      /  F ield         | OpenFOAM: The Open Source CFD Toolbox
   \\    /   O peration     | Website:  https://openfoam.org
    \\  /    A nd           | Version:  dev
     \\/     M anipulation  |
\*---------------------------------------------------------------------------*/
FoamFile
{
    version     2.0;
    format      ascii;
    class       faceList;
    location    "0.001/region1/polyMesh";
    object      faces;
}
// * * * * * * * * * * * * * * * * * * * * * * * * * * * * * * * * * * * * * //


3194
(
4(1 21 440 420)
4(0 419 440 21)
4(2 22 441 421)
4(21 440 441 22)
4(3 23 442 422)
4(22 441 442 23)
4(4 24 443 423)
4(23 442 443 24)
4(5 25 444 424)
4(24 443 444 25)
4(6 26 445 425)
4(25 444 445 26)
4(7 27 446 426)
4(26 445 446 27)
4(8 28 447 427)
4(27 446 447 28)
4(9 29 448 428)
4(28 447 448 29)
4(10 30 449 429)
4(29 448 449 30)
4(11 31 450 430)
4(30 449 450 31)
4(12 32 451 431)
4(31 450 451 32)
4(13 33 452 432)
4(32 451 452 33)
4(14 34 453 433)
4(33 452 453 34)
4(15 35 454 434)
4(34 453 454 35)
4(16 36 455 435)
4(35 454 455 36)
4(17 37 456 436)
4(36 455 456 37)
4(18 38 457 437)
4(37 456 457 38)
4(19 39 458 438)
4(38 457 458 39)
4(39 458 459 40)
4(21 41 460 440)
4(0 419 460 41)
4(22 42 461 441)
4(41 460 461 42)
4(23 43 462 442)
4(42 461 462 43)
4(24 44 463 443)
4(43 462 463 44)
4(25 45 464 444)
4(44 463 464 45)
4(26 46 465 445)
4(45 464 465 46)
4(27 47 466 446)
4(46 465 466 47)
4(28 48 467 447)
4(47 466 467 48)
4(29 49 468 448)
4(48 467 468 49)
4(30 50 469 449)
4(49 468 469 50)
4(31 51 470 450)
4(50 469 470 51)
4(32 52 471 451)
4(51 470 471 52)
4(33 53 472 452)
4(52 471 472 53)
4(34 54 473 453)
4(53 472 473 54)
4(35 55 474 454)
4(54 473 474 55)
4(36 56 475 455)
4(55 474 475 56)
4(37 57 476 456)
4(56 475 476 57)
4(38 58 477 457)
4(57 476 477 58)
4(39 59 478 458)
4(58 477 478 59)
4(59 478 479 60)
4(41 61 480 460)
4(0 419 480 61)
4(42 62 481 461)
4(61 480 481 62)
4(43 63 482 462)
4(62 481 482 63)
4(44 64 483 463)
4(63 482 483 64)
4(45 65 484 464)
4(64 483 484 65)
4(46 66 485 465)
4(65 484 485 66)
4(47 67 486 466)
4(66 485 486 67)
4(48 68 487 467)
4(67 486 487 68)
4(49 69 488 468)
4(68 487 488 69)
4(50 70 489 469)
4(69 488 489 70)
4(51 71 490 470)
4(70 489 490 71)
4(52 72 491 471)
4(71 490 491 72)
4(53 73 492 472)
4(72 491 492 73)
4(54 74 493 473)
4(73 492 493 74)
4(55 75 494 474)
4(74 493 494 75)
4(56 76 495 475)
4(75 494 495 76)
4(57 77 496 476)
4(76 495 496 77)
4(58 78 497 477)
4(77 496 497 78)
4(59 79 498 478)
4(78 497 498 79)
4(79 498 499 80)
4(61 81 500 480)
4(0 419 500 81)
4(62 82 501 481)
4(81 500 501 82)
4(63 83 502 482)
4(82 501 502 83)
4(64 84 503 483)
4(83 502 503 84)
4(65 85 504 484)
4(84 503 504 85)
4(66 86 505 485)
4(85 504 505 86)
4(67 87 506 486)
4(86 505 506 87)
4(68 88 507 487)
4(87 506 507 88)
4(69 89 508 488)
4(88 507 508 89)
4(70 90 509 489)
4(89 508 509 90)
4(71 91 510 490)
4(90 509 510 91)
4(72 92 511 491)
4(91 510 511 92)
4(73 93 512 492)
4(92 511 512 93)
4(74 94 513 493)
4(93 512 513 94)
4(75 95 514 494)
4(94 513 514 95)
4(76 96 515 495)
4(95 514 515 96)
4(77 97 516 496)
4(96 515 516 97)
4(78 98 517 497)
4(97 516 517 98)
4(79 99 518 498)
4(98 517 518 99)
4(99 518 519 100)
4(81 101 520 500)
4(0 419 520 101)
4(82 102 521 501)
4(101 520 521 102)
4(83 103 522 502)
4(102 521 522 103)
4(84 104 523 503)
4(103 522 523 104)
4(85 105 524 504)
4(104 523 524 105)
4(86 106 525 505)
4(105 524 525 106)
4(87 107 526 506)
4(106 525 526 107)
4(88 108 527 507)
4(107 526 527 108)
4(89 109 528 508)
4(108 527 528 109)
4(90 110 529 509)
4(109 528 529 110)
4(91 111 530 510)
4(110 529 530 111)
4(92 112 531 511)
4(111 530 531 112)
4(93 113 532 512)
4(112 531 532 113)
4(94 114 533 513)
4(113 532 533 114)
4(95 115 534 514)
4(114 533 534 115)
4(96 116 535 515)
4(115 534 535 116)
4(97 117 536 516)
4(116 535 536 117)
4(98 118 537 517)
4(117 536 537 118)
4(99 119 538 518)
4(118 537 538 119)
4(119 538 539 120)
4(101 121 540 520)
4(0 419 540 121)
4(102 122 541 521)
4(121 540 541 122)
4(103 123 542 522)
4(122 541 542 123)
4(104 124 543 523)
4(123 542 543 124)
4(105 125 544 524)
4(124 543 544 125)
4(106 126 545 525)
4(125 544 545 126)
4(107 127 546 526)
4(126 545 546 127)
4(108 128 547 527)
4(127 546 547 128)
4(109 129 548 528)
4(128 547 548 129)
4(110 130 549 529)
4(129 548 549 130)
4(111 131 550 530)
4(130 549 550 131)
4(112 132 551 531)
4(131 550 551 132)
4(113 133 552 532)
4(132 551 552 133)
4(114 134 553 533)
4(133 552 553 134)
4(115 135 554 534)
4(134 553 554 135)
4(116 136 555 535)
4(135 554 555 136)
4(117 137 556 536)
4(136 555 556 137)
4(118 138 557 537)
4(137 556 557 138)
4(119 139 558 538)
4(138 557 558 139)
4(139 558 559 140)
4(121 141 560 540)
4(0 419 560 141)
4(122 142 561 541)
4(141 560 561 142)
4(123 143 562 542)
4(142 561 562 143)
4(124 144 563 543)
4(143 562 563 144)
4(125 145 564 544)
4(144 563 564 145)
4(126 146 565 545)
4(145 564 565 146)
4(127 147 566 546)
4(146 565 566 147)
4(128 148 567 547)
4(147 566 567 148)
4(129 149 568 548)
4(148 567 568 149)
4(130 150 569 549)
4(149 568 569 150)
4(131 151 570 550)
4(150 569 570 151)
4(132 152 571 551)
4(151 570 571 152)
4(133 153 572 552)
4(152 571 572 153)
4(134 154 573 553)
4(153 572 573 154)
4(135 155 574 554)
4(154 573 574 155)
4(136 156 575 555)
4(155 574 575 156)
4(137 157 576 556)
4(156 575 576 157)
4(138 158 577 557)
4(157 576 577 158)
4(139 159 578 558)
4(158 577 578 159)
4(159 578 579 160)
4(141 161 580 560)
4(0 419 580 161)
4(142 162 581 561)
4(161 580 581 162)
4(143 163 582 562)
4(162 581 582 163)
4(144 164 583 563)
4(163 582 583 164)
4(145 165 584 564)
4(164 583 584 165)
4(146 166 585 565)
4(165 584 585 166)
4(147 167 586 566)
4(166 585 586 167)
4(148 168 587 567)
4(167 586 587 168)
4(149 169 588 568)
4(168 587 588 169)
4(150 170 589 569)
4(169 588 589 170)
4(151 171 590 570)
4(170 589 590 171)
4(152 172 591 571)
4(171 590 591 172)
4(153 173 592 572)
4(172 591 592 173)
4(154 174 593 573)
4(173 592 593 174)
4(155 175 594 574)
4(174 593 594 175)
4(156 176 595 575)
4(175 594 595 176)
4(157 177 596 576)
4(176 595 596 177)
4(158 178 597 577)
4(177 596 597 178)
4(159 179 598 578)
4(178 597 598 179)
4(179 598 599 180)
4(161 181 600 580)
4(0 419 600 181)
4(162 182 601 581)
4(181 600 601 182)
4(163 183 602 582)
4(182 601 602 183)
4(164 184 603 583)
4(183 602 603 184)
4(165 185 604 584)
4(184 603 604 185)
4(166 186 605 585)
4(185 604 605 186)
4(167 187 606 586)
4(186 605 606 187)
4(168 188 607 587)
4(187 606 607 188)
4(169 189 608 588)
4(188 607 608 189)
4(170 190 609 589)
4(189 608 609 190)
4(171 191 610 590)
4(190 609 610 191)
4(172 192 611 591)
4(191 610 611 192)
4(173 193 612 592)
4(192 611 612 193)
4(174 194 613 593)
4(193 612 613 194)
4(175 195 614 594)
4(194 613 614 195)
4(176 196 615 595)
4(195 614 615 196)
4(177 197 616 596)
4(196 615 616 197)
4(178 198 617 597)
4(197 616 617 198)
4(179 199 618 598)
4(198 617 618 199)
4(199 618 619 200)
4(181 201 620 600)
4(0 419 620 201)
4(182 202 621 601)
4(201 620 621 202)
4(183 203 622 602)
4(202 621 622 203)
4(184 204 623 603)
4(203 622 623 204)
4(185 205 624 604)
4(204 623 624 205)
4(186 206 625 605)
4(205 624 625 206)
4(187 207 626 606)
4(206 625 626 207)
4(188 208 627 607)
4(207 626 627 208)
4(189 209 628 608)
4(208 627 628 209)
4(190 210 629 609)
4(209 628 629 210)
4(191 211 630 610)
4(210 629 630 211)
4(192 212 631 611)
4(211 630 631 212)
4(193 213 632 612)
4(212 631 632 213)
4(194 214 633 613)
4(213 632 633 214)
4(195 215 634 614)
4(214 633 634 215)
4(196 216 635 615)
4(215 634 635 216)
4(197 217 636 616)
4(216 635 636 217)
4(198 218 637 617)
4(217 636 637 218)
4(199 219 638 618)
4(218 637 638 219)
4(219 638 639 220)
4(201 221 640 620)
4(0 419 640 221)
4(202 222 641 621)
4(221 640 641 222)
4(203 223 642 622)
4(222 641 642 223)
4(204 224 643 623)
4(223 642 643 224)
4(205 225 644 624)
4(224 643 644 225)
4(206 226 645 625)
4(225 644 645 226)
4(207 227 646 626)
4(226 645 646 227)
4(208 228 647 627)
4(227 646 647 228)
4(209 229 648 628)
4(228 647 648 229)
4(210 230 649 629)
4(229 648 649 230)
4(211 231 650 630)
4(230 649 650 231)
4(212 232 651 631)
4(231 650 651 232)
4(213 233 652 632)
4(232 651 652 233)
4(214 234 653 633)
4(233 652 653 234)
4(215 235 654 634)
4(234 653 654 235)
4(216 236 655 635)
4(235 654 655 236)
4(217 237 656 636)
4(236 655 656 237)
4(218 238 657 637)
4(237 656 657 238)
4(219 239 658 638)
4(238 657 658 239)
4(239 658 659 240)
4(221 241 660 640)
4(0 419 660 241)
4(222 242 661 641)
4(241 660 661 242)
4(223 243 662 642)
4(242 661 662 243)
4(224 244 663 643)
4(243 662 663 244)
4(225 245 664 644)
4(244 663 664 245)
4(226 246 665 645)
4(245 664 665 246)
4(227 247 666 646)
4(246 665 666 247)
4(228 248 667 647)
4(247 666 667 248)
4(229 249 668 648)
4(248 667 668 249)
4(230 250 669 649)
4(249 668 669 250)
4(231 251 670 650)
4(250 669 670 251)
4(232 252 671 651)
4(251 670 671 252)
4(233 253 672 652)
4(252 671 672 253)
4(234 254 673 653)
4(253 672 673 254)
4(235 255 674 654)
4(254 673 674 255)
4(236 256 675 655)
4(255 674 675 256)
4(237 257 676 656)
4(256 675 676 257)
4(238 258 677 657)
4(257 676 677 258)
4(239 259 678 658)
4(258 677 678 259)
4(259 678 679 260)
4(241 261 680 660)
4(0 419 680 261)
4(242 262 681 661)
4(261 680 681 262)
4(243 263 682 662)
4(262 681 682 263)
4(244 264 683 663)
4(263 682 683 264)
4(245 265 684 664)
4(264 683 684 265)
4(246 266 685 665)
4(265 684 685 266)
4(247 267 686 666)
4(266 685 686 267)
4(248 268 687 667)
4(267 686 687 268)
4(249 269 688 668)
4(268 687 688 269)
4(250 270 689 669)
4(269 688 689 270)
4(251 271 690 670)
4(270 689 690 271)
4(252 272 691 671)
4(271 690 691 272)
4(253 273 692 672)
4(272 691 692 273)
4(254 274 693 673)
4(273 692 693 274)
4(255 275 694 674)
4(274 693 694 275)
4(256 276 695 675)
4(275 694 695 276)
4(257 277 696 676)
4(276 695 696 277)
4(258 278 697 677)
4(277 696 697 278)
4(259 279 698 678)
4(278 697 698 279)
4(279 698 699 280)
4(261 281 700 680)
4(0 419 700 281)
4(262 282 701 681)
4(281 700 701 282)
4(263 283 702 682)
4(282 701 702 283)
4(264 284 703 683)
4(283 702 703 284)
4(265 285 704 684)
4(284 703 704 285)
4(266 286 705 685)
4(285 704 705 286)
4(267 287 706 686)
4(286 705 706 287)
4(268 288 707 687)
4(287 706 707 288)
4(269 289 708 688)
4(288 707 708 289)
4(270 290 709 689)
4(289 708 709 290)
4(271 291 710 690)
4(290 709 710 291)
4(272 292 711 691)
4(291 710 711 292)
4(273 293 712 692)
4(292 711 712 293)
4(274 294 713 693)
4(293 712 713 294)
4(275 295 714 694)
4(294 713 714 295)
4(276 296 715 695)
4(295 714 715 296)
4(277 297 716 696)
4(296 715 716 297)
4(278 298 717 697)
4(297 716 717 298)
4(279 299 718 698)
4(298 717 718 299)
4(299 718 719 300)
4(281 301 720 700)
4(0 419 720 301)
4(282 302 721 701)
4(301 720 721 302)
4(283 303 722 702)
4(302 721 722 303)
4(284 304 723 703)
4(303 722 723 304)
4(285 305 724 704)
4(304 723 724 305)
4(286 306 725 705)
4(305 724 725 306)
4(287 307 726 706)
4(306 725 726 307)
4(288 308 727 707)
4(307 726 727 308)
4(289 309 728 708)
4(308 727 728 309)
4(290 310 729 709)
4(309 728 729 310)
4(291 311 730 710)
4(310 729 730 311)
4(292 312 731 711)
4(311 730 731 312)
4(293 313 732 712)
4(312 731 732 313)
4(294 314 733 713)
4(313 732 733 314)
4(295 315 734 714)
4(314 733 734 315)
4(296 316 735 715)
4(315 734 735 316)
4(297 317 736 716)
4(316 735 736 317)
4(298 318 737 717)
4(317 736 737 318)
4(299 319 738 718)
4(318 737 738 319)
4(319 738 739 320)
4(301 321 740 720)
4(0 419 740 321)
4(302 322 741 721)
4(321 740 741 322)
4(303 323 742 722)
4(322 741 742 323)
4(304 324 743 723)
4(323 742 743 324)
4(305 325 744 724)
4(324 743 744 325)
4(306 326 745 725)
4(325 744 745 326)
4(307 327 746 726)
4(326 745 746 327)
4(308 328 747 727)
4(327 746 747 328)
4(309 329 748 728)
4(328 747 748 329)
4(310 330 749 729)
4(329 748 749 330)
4(311 331 750 730)
4(330 749 750 331)
4(312 332 751 731)
4(331 750 751 332)
4(313 333 752 732)
4(332 751 752 333)
4(314 334 753 733)
4(333 752 753 334)
4(315 335 754 734)
4(334 753 754 335)
4(316 336 755 735)
4(335 754 755 336)
4(317 337 756 736)
4(336 755 756 337)
4(318 338 757 737)
4(337 756 757 338)
4(319 339 758 738)
4(338 757 758 339)
4(339 758 759 340)
4(321 341 760 740)
4(0 419 760 341)
4(322 342 761 741)
4(341 760 761 342)
4(323 343 762 742)
4(342 761 762 343)
4(324 344 763 743)
4(343 762 763 344)
4(325 345 764 744)
4(344 763 764 345)
4(326 346 765 745)
4(345 764 765 346)
4(327 347 766 746)
4(346 765 766 347)
4(328 348 767 747)
4(347 766 767 348)
4(329 349 768 748)
4(348 767 768 349)
4(330 350 769 749)
4(349 768 769 350)
4(331 351 770 750)
4(350 769 770 351)
4(332 352 771 751)
4(351 770 771 352)
4(333 353 772 752)
4(352 771 772 353)
4(334 354 773 753)
4(353 772 773 354)
4(335 355 774 754)
4(354 773 774 355)
4(336 356 775 755)
4(355 774 775 356)
4(337 357 776 756)
4(356 775 776 357)
4(338 358 777 757)
4(357 776 777 358)
4(339 359 778 758)
4(358 777 778 359)
4(359 778 779 360)
4(341 361 780 760)
4(0 419 780 361)
4(342 362 781 761)
4(361 780 781 362)
4(343 363 782 762)
4(362 781 782 363)
4(344 364 783 763)
4(363 782 783 364)
4(345 365 784 764)
4(364 783 784 365)
4(346 366 785 765)
4(365 784 785 366)
4(347 367 786 766)
4(366 785 786 367)
4(348 368 787 767)
4(367 786 787 368)
4(349 369 788 768)
4(368 787 788 369)
4(350 370 789 769)
4(351 371 790 770)
4(352 372 791 771)
4(371 790 791 372)
4(353 373 792 772)
4(372 791 792 373)
4(354 374 793 773)
4(373 792 793 374)
4(355 375 794 774)
4(374 793 794 375)
4(356 376 795 775)
4(375 794 795 376)
4(357 377 796 776)
4(376 795 796 377)
4(358 378 797 777)
4(377 796 797 378)
4(359 379 798 778)
4(378 797 798 379)
4(379 798 799 380)
4(361 381 800 780)
4(0 419 800 381)
4(362 382 801 781)
4(381 800 801 382)
4(363 383 802 782)
4(382 801 802 383)
4(364 384 803 783)
4(383 802 803 384)
4(365 385 804 784)
4(384 803 804 385)
4(366 386 805 785)
4(385 804 805 386)
4(367 387 806 786)
4(386 805 806 387)
4(368 388 807 787)
4(387 806 807 388)
4(388 807 808 389)
4(372 391 810 791)
4(390 809 810 391)
4(373 392 811 792)
4(391 810 811 392)
4(374 393 812 793)
4(392 811 812 393)
4(375 394 813 794)
4(393 812 813 394)
4(376 395 814 795)
4(394 813 814 395)
4(377 396 815 796)
4(395 814 815 396)
4(378 397 816 797)
4(396 815 816 397)
4(379 398 817 798)
4(397 816 817 398)
4(398 817 818 399)
4(381 400 819 800)
4(0 419 819 400)
4(382 401 820 801)
4(400 819 820 401)
4(383 402 821 802)
4(401 820 821 402)
4(384 403 822 803)
4(402 821 822 403)
4(385 404 823 804)
4(403 822 823 404)
4(386 405 824 805)
4(404 823 824 405)
4(387 406 825 806)
4(405 824 825 406)
4(388 407 826 807)
4(406 825 826 407)
4(407 826 827 408)
4(391 410 829 810)
4(409 828 829 410)
4(392 411 830 811)
4(410 829 830 411)
4(393 412 831 812)
4(411 830 831 412)
4(394 413 832 813)
4(412 831 832 413)
4(395 414 833 814)
4(413 832 833 414)
4(396 415 834 815)
4(414 833 834 415)
4(397 416 835 816)
4(415 834 835 416)
4(398 417 836 817)
4(416 835 836 417)
4(417 836 837 418)
4(400 838 1237 819)
4(0 419 1237 838)
4(401 839 1238 820)
4(838 1237 1238 839)
4(402 840 1239 821)
4(839 1238 1239 840)
4(403 841 1240 822)
4(840 1239 1240 841)
4(404 842 1241 823)
4(841 1240 1241 842)
4(405 843 1242 824)
4(842 1241 1242 843)
4(406 844 1243 825)
4(843 1242 1243 844)
4(407 845 1244 826)
4(844 1243 1244 845)
4(845 1244 1245 846)
4(410 848 1247 829)
4(847 1246 1247 848)
4(411 849 1248 830)
4(848 1247 1248 849)
4(412 850 1249 831)
4(849 1248 1249 850)
4(413 851 1250 832)
4(850 1249 1250 851)
4(414 852 1251 833)
4(851 1250 1251 852)
4(415 853 1252 834)
4(852 1251 1252 853)
4(416 854 1253 835)
4(853 1252 1253 854)
4(417 855 1254 836)
4(854 1253 1254 855)
4(855 1254 1255 856)
4(838 857 1256 1237)
4(0 419 1256 857)
4(839 858 1257 1238)
4(857 1256 1257 858)
4(840 859 1258 1239)
4(858 1257 1258 859)
4(841 860 1259 1240)
4(859 1258 1259 860)
4(842 861 1260 1241)
4(860 1259 1260 861)
4(843 862 1261 1242)
4(861 1260 1261 862)
4(844 863 1262 1243)
4(862 1261 1262 863)
4(845 864 1263 1244)
4(863 1262 1263 864)
4(864 1263 1264 865)
4(848 868 1267 1247)
4(867 1266 1267 868)
4(849 869 1268 1248)
4(868 1267 1268 869)
4(850 870 1269 1249)
4(869 1268 1269 870)
4(851 871 1270 1250)
4(870 1269 1270 871)
4(852 872 1271 1251)
4(871 1270 1271 872)
4(853 873 1272 1252)
4(872 1271 1272 873)
4(854 874 1273 1253)
4(873 1272 1273 874)
4(855 875 1274 1254)
4(874 1273 1274 875)
4(875 1274 1275 876)
4(857 877 1276 1256)
4(0 419 1276 877)
4(858 878 1277 1257)
4(877 1276 1277 878)
4(859 879 1278 1258)
4(878 1277 1278 879)
4(860 880 1279 1259)
4(879 1278 1279 880)
4(861 881 1280 1260)
4(880 1279 1280 881)
4(862 882 1281 1261)
4(881 1280 1281 882)
4(863 883 1282 1262)
4(882 1281 1282 883)
4(864 884 1283 1263)
4(883 1282 1283 884)
4(865 885 1284 1264)
4(884 1283 1284 885)
4(866 886 1285 1265)
4(885 1284 1285 886)
4(867 887 1286 1266)
4(886 1285 1286 887)
4(868 888 1287 1267)
4(887 1286 1287 888)
4(869 889 1288 1268)
4(888 1287 1288 889)
4(870 890 1289 1269)
4(889 1288 1289 890)
4(871 891 1290 1270)
4(890 1289 1290 891)
4(872 892 1291 1271)
4(891 1290 1291 892)
4(873 893 1292 1272)
4(892 1291 1292 893)
4(874 894 1293 1273)
4(893 1292 1293 894)
4(875 895 1294 1274)
4(894 1293 1294 895)
4(895 1294 1295 896)
4(877 897 1296 1276)
4(0 419 1296 897)
4(878 898 1297 1277)
4(897 1296 1297 898)
4(879 899 1298 1278)
4(898 1297 1298 899)
4(880 900 1299 1279)
4(899 1298 1299 900)
4(881 901 1300 1280)
4(900 1299 1300 901)
4(882 902 1301 1281)
4(901 1300 1301 902)
4(883 903 1302 1282)
4(902 1301 1302 903)
4(884 904 1303 1283)
4(903 1302 1303 904)
4(885 905 1304 1284)
4(904 1303 1304 905)
4(886 906 1305 1285)
4(905 1304 1305 906)
4(887 907 1306 1286)
4(906 1305 1306 907)
4(888 908 1307 1287)
4(907 1306 1307 908)
4(889 909 1308 1288)
4(908 1307 1308 909)
4(890 910 1309 1289)
4(909 1308 1309 910)
4(891 911 1310 1290)
4(910 1309 1310 911)
4(892 912 1311 1291)
4(911 1310 1311 912)
4(893 913 1312 1292)
4(912 1311 1312 913)
4(894 914 1313 1293)
4(913 1312 1313 914)
4(895 915 1314 1294)
4(914 1313 1314 915)
4(915 1314 1315 916)
4(897 917 1316 1296)
4(0 419 1316 917)
4(898 918 1317 1297)
4(917 1316 1317 918)
4(899 919 1318 1298)
4(918 1317 1318 919)
4(900 920 1319 1299)
4(919 1318 1319 920)
4(901 921 1320 1300)
4(920 1319 1320 921)
4(902 922 1321 1301)
4(921 1320 1321 922)
4(903 923 1322 1302)
4(922 1321 1322 923)
4(904 924 1323 1303)
4(923 1322 1323 924)
4(905 925 1324 1304)
4(924 1323 1324 925)
4(906 926 1325 1305)
4(925 1324 1325 926)
4(907 927 1326 1306)
4(926 1325 1326 927)
4(908 928 1327 1307)
4(927 1326 1327 928)
4(909 929 1328 1308)
4(928 1327 1328 929)
4(910 930 1329 1309)
4(929 1328 1329 930)
4(911 931 1330 1310)
4(930 1329 1330 931)
4(912 932 1331 1311)
4(931 1330 1331 932)
4(913 933 1332 1312)
4(932 1331 1332 933)
4(914 934 1333 1313)
4(933 1332 1333 934)
4(915 935 1334 1314)
4(934 1333 1334 935)
4(935 1334 1335 936)
4(917 937 1336 1316)
4(0 419 1336 937)
4(918 938 1337 1317)
4(937 1336 1337 938)
4(919 939 1338 1318)
4(938 1337 1338 939)
4(920 940 1339 1319)
4(939 1338 1339 940)
4(921 941 1340 1320)
4(940 1339 1340 941)
4(922 942 1341 1321)
4(941 1340 1341 942)
4(923 943 1342 1322)
4(942 1341 1342 943)
4(924 944 1343 1323)
4(943 1342 1343 944)
4(925 945 1344 1324)
4(944 1343 1344 945)
4(926 946 1345 1325)
4(945 1344 1345 946)
4(927 947 1346 1326)
4(946 1345 1346 947)
4(928 948 1347 1327)
4(947 1346 1347 948)
4(929 949 1348 1328)
4(948 1347 1348 949)
4(930 950 1349 1329)
4(949 1348 1349 950)
4(931 951 1350 1330)
4(950 1349 1350 951)
4(932 952 1351 1331)
4(951 1350 1351 952)
4(933 953 1352 1332)
4(952 1351 1352 953)
4(934 954 1353 1333)
4(953 1352 1353 954)
4(935 955 1354 1334)
4(954 1353 1354 955)
4(955 1354 1355 956)
4(937 957 1356 1336)
4(0 419 1356 957)
4(938 958 1357 1337)
4(957 1356 1357 958)
4(939 959 1358 1338)
4(958 1357 1358 959)
4(940 960 1359 1339)
4(959 1358 1359 960)
4(941 961 1360 1340)
4(960 1359 1360 961)
4(942 962 1361 1341)
4(961 1360 1361 962)
4(943 963 1362 1342)
4(962 1361 1362 963)
4(944 964 1363 1343)
4(963 1362 1363 964)
4(945 965 1364 1344)
4(964 1363 1364 965)
4(946 966 1365 1345)
4(965 1364 1365 966)
4(947 967 1366 1346)
4(966 1365 1366 967)
4(948 968 1367 1347)
4(967 1366 1367 968)
4(949 969 1368 1348)
4(968 1367 1368 969)
4(950 970 1369 1349)
4(969 1368 1369 970)
4(951 971 1370 1350)
4(970 1369 1370 971)
4(952 972 1371 1351)
4(971 1370 1371 972)
4(953 973 1372 1352)
4(972 1371 1372 973)
4(954 974 1373 1353)
4(973 1372 1373 974)
4(955 975 1374 1354)
4(974 1373 1374 975)
4(975 1374 1375 976)
4(957 977 1376 1356)
4(0 419 1376 977)
4(958 978 1377 1357)
4(977 1376 1377 978)
4(959 979 1378 1358)
4(978 1377 1378 979)
4(960 980 1379 1359)
4(979 1378 1379 980)
4(961 981 1380 1360)
4(980 1379 1380 981)
4(962 982 1381 1361)
4(981 1380 1381 982)
4(963 983 1382 1362)
4(982 1381 1382 983)
4(964 984 1383 1363)
4(983 1382 1383 984)
4(965 985 1384 1364)
4(984 1383 1384 985)
4(966 986 1385 1365)
4(985 1384 1385 986)
4(967 987 1386 1366)
4(986 1385 1386 987)
4(968 988 1387 1367)
4(987 1386 1387 988)
4(969 989 1388 1368)
4(988 1387 1388 989)
4(970 990 1389 1369)
4(989 1388 1389 990)
4(971 991 1390 1370)
4(990 1389 1390 991)
4(972 992 1391 1371)
4(991 1390 1391 992)
4(973 993 1392 1372)
4(992 1391 1392 993)
4(974 994 1393 1373)
4(993 1392 1393 994)
4(975 995 1394 1374)
4(994 1393 1394 995)
4(995 1394 1395 996)
4(977 997 1396 1376)
4(0 419 1396 997)
4(978 998 1397 1377)
4(997 1396 1397 998)
4(979 999 1398 1378)
4(998 1397 1398 999)
4(980 1000 1399 1379)
4(999 1398 1399 1000)
4(981 1001 1400 1380)
4(1000 1399 1400 1001)
4(982 1002 1401 1381)
4(1001 1400 1401 1002)
4(983 1003 1402 1382)
4(1002 1401 1402 1003)
4(984 1004 1403 1383)
4(1003 1402 1403 1004)
4(985 1005 1404 1384)
4(1004 1403 1404 1005)
4(986 1006 1405 1385)
4(1005 1404 1405 1006)
4(987 1007 1406 1386)
4(1006 1405 1406 1007)
4(988 1008 1407 1387)
4(1007 1406 1407 1008)
4(989 1009 1408 1388)
4(1008 1407 1408 1009)
4(990 1010 1409 1389)
4(1009 1408 1409 1010)
4(991 1011 1410 1390)
4(1010 1409 1410 1011)
4(992 1012 1411 1391)
4(1011 1410 1411 1012)
4(993 1013 1412 1392)
4(1012 1411 1412 1013)
4(994 1014 1413 1393)
4(1013 1412 1413 1014)
4(995 1015 1414 1394)
4(1014 1413 1414 1015)
4(1015 1414 1415 1016)
4(997 1017 1416 1396)
4(0 419 1416 1017)
4(998 1018 1417 1397)
4(1017 1416 1417 1018)
4(999 1019 1418 1398)
4(1018 1417 1418 1019)
4(1000 1020 1419 1399)
4(1019 1418 1419 1020)
4(1001 1021 1420 1400)
4(1020 1419 1420 1021)
4(1002 1022 1421 1401)
4(1021 1420 1421 1022)
4(1003 1023 1422 1402)
4(1022 1421 1422 1023)
4(1004 1024 1423 1403)
4(1023 1422 1423 1024)
4(1005 1025 1424 1404)
4(1024 1423 1424 1025)
4(1006 1026 1425 1405)
4(1025 1424 1425 1026)
4(1007 1027 1426 1406)
4(1026 1425 1426 1027)
4(1008 1028 1427 1407)
4(1027 1426 1427 1028)
4(1009 1029 1428 1408)
4(1028 1427 1428 1029)
4(1010 1030 1429 1409)
4(1029 1428 1429 1030)
4(1011 1031 1430 1410)
4(1030 1429 1430 1031)
4(1012 1032 1431 1411)
4(1031 1430 1431 1032)
4(1013 1033 1432 1412)
4(1032 1431 1432 1033)
4(1014 1034 1433 1413)
4(1033 1432 1433 1034)
4(1015 1035 1434 1414)
4(1034 1433 1434 1035)
4(1035 1434 1435 1036)
4(1017 1037 1436 1416)
4(0 419 1436 1037)
4(1018 1038 1437 1417)
4(1037 1436 1437 1038)
4(1019 1039 1438 1418)
4(1038 1437 1438 1039)
4(1020 1040 1439 1419)
4(1039 1438 1439 1040)
4(1021 1041 1440 1420)
4(1040 1439 1440 1041)
4(1022 1042 1441 1421)
4(1041 1440 1441 1042)
4(1023 1043 1442 1422)
4(1042 1441 1442 1043)
4(1024 1044 1443 1423)
4(1043 1442 1443 1044)
4(1025 1045 1444 1424)
4(1044 1443 1444 1045)
4(1026 1046 1445 1425)
4(1045 1444 1445 1046)
4(1027 1047 1446 1426)
4(1046 1445 1446 1047)
4(1028 1048 1447 1427)
4(1047 1446 1447 1048)
4(1029 1049 1448 1428)
4(1048 1447 1448 1049)
4(1030 1050 1449 1429)
4(1049 1448 1449 1050)
4(1031 1051 1450 1430)
4(1050 1449 1450 1051)
4(1032 1052 1451 1431)
4(1051 1450 1451 1052)
4(1033 1053 1452 1432)
4(1052 1451 1452 1053)
4(1034 1054 1453 1433)
4(1053 1452 1453 1054)
4(1035 1055 1454 1434)
4(1054 1453 1454 1055)
4(1055 1454 1455 1056)
4(1037 1057 1456 1436)
4(0 419 1456 1057)
4(1038 1058 1457 1437)
4(1057 1456 1457 1058)
4(1039 1059 1458 1438)
4(1058 1457 1458 1059)
4(1040 1060 1459 1439)
4(1059 1458 1459 1060)
4(1041 1061 1460 1440)
4(1060 1459 1460 1061)
4(1042 1062 1461 1441)
4(1061 1460 1461 1062)
4(1043 1063 1462 1442)
4(1062 1461 1462 1063)
4(1044 1064 1463 1443)
4(1063 1462 1463 1064)
4(1045 1065 1464 1444)
4(1064 1463 1464 1065)
4(1046 1066 1465 1445)
4(1065 1464 1465 1066)
4(1047 1067 1466 1446)
4(1066 1465 1466 1067)
4(1048 1068 1467 1447)
4(1067 1466 1467 1068)
4(1049 1069 1468 1448)
4(1068 1467 1468 1069)
4(1050 1070 1469 1449)
4(1069 1468 1469 1070)
4(1051 1071 1470 1450)
4(1070 1469 1470 1071)
4(1052 1072 1471 1451)
4(1071 1470 1471 1072)
4(1053 1073 1472 1452)
4(1072 1471 1472 1073)
4(1054 1074 1473 1453)
4(1073 1472 1473 1074)
4(1055 1075 1474 1454)
4(1074 1473 1474 1075)
4(1075 1474 1475 1076)
4(1057 1077 1476 1456)
4(0 419 1476 1077)
4(1058 1078 1477 1457)
4(1077 1476 1477 1078)
4(1059 1079 1478 1458)
4(1078 1477 1478 1079)
4(1060 1080 1479 1459)
4(1079 1478 1479 1080)
4(1061 1081 1480 1460)
4(1080 1479 1480 1081)
4(1062 1082 1481 1461)
4(1081 1480 1481 1082)
4(1063 1083 1482 1462)
4(1082 1481 1482 1083)
4(1064 1084 1483 1463)
4(1083 1482 1483 1084)
4(1065 1085 1484 1464)
4(1084 1483 1484 1085)
4(1066 1086 1485 1465)
4(1085 1484 1485 1086)
4(1067 1087 1486 1466)
4(1086 1485 1486 1087)
4(1068 1088 1487 1467)
4(1087 1486 1487 1088)
4(1069 1089 1488 1468)
4(1088 1487 1488 1089)
4(1070 1090 1489 1469)
4(1089 1488 1489 1090)
4(1071 1091 1490 1470)
4(1090 1489 1490 1091)
4(1072 1092 1491 1471)
4(1091 1490 1491 1092)
4(1073 1093 1492 1472)
4(1092 1491 1492 1093)
4(1074 1094 1493 1473)
4(1093 1492 1493 1094)
4(1075 1095 1494 1474)
4(1094 1493 1494 1095)
4(1095 1494 1495 1096)
4(1077 1097 1496 1476)
4(0 419 1496 1097)
4(1078 1098 1497 1477)
4(1097 1496 1497 1098)
4(1079 1099 1498 1478)
4(1098 1497 1498 1099)
4(1080 1100 1499 1479)
4(1099 1498 1499 1100)
4(1081 1101 1500 1480)
4(1100 1499 1500 1101)
4(1082 1102 1501 1481)
4(1101 1500 1501 1102)
4(1083 1103 1502 1482)
4(1102 1501 1502 1103)
4(1084 1104 1503 1483)
4(1103 1502 1503 1104)
4(1085 1105 1504 1484)
4(1104 1503 1504 1105)
4(1086 1106 1505 1485)
4(1105 1504 1505 1106)
4(1087 1107 1506 1486)
4(1106 1505 1506 1107)
4(1088 1108 1507 1487)
4(1107 1506 1507 1108)
4(1089 1109 1508 1488)
4(1108 1507 1508 1109)
4(1090 1110 1509 1489)
4(1109 1508 1509 1110)
4(1091 1111 1510 1490)
4(1110 1509 1510 1111)
4(1092 1112 1511 1491)
4(1111 1510 1511 1112)
4(1093 1113 1512 1492)
4(1112 1511 1512 1113)
4(1094 1114 1513 1493)
4(1113 1512 1513 1114)
4(1095 1115 1514 1494)
4(1114 1513 1514 1115)
4(1115 1514 1515 1116)
4(1097 1117 1516 1496)
4(0 419 1516 1117)
4(1098 1118 1517 1497)
4(1117 1516 1517 1118)
4(1099 1119 1518 1498)
4(1118 1517 1518 1119)
4(1100 1120 1519 1499)
4(1119 1518 1519 1120)
4(1101 1121 1520 1500)
4(1120 1519 1520 1121)
4(1102 1122 1521 1501)
4(1121 1520 1521 1122)
4(1103 1123 1522 1502)
4(1122 1521 1522 1123)
4(1104 1124 1523 1503)
4(1123 1522 1523 1124)
4(1105 1125 1524 1504)
4(1124 1523 1524 1125)
4(1106 1126 1525 1505)
4(1125 1524 1525 1126)
4(1107 1127 1526 1506)
4(1126 1525 1526 1127)
4(1108 1128 1527 1507)
4(1127 1526 1527 1128)
4(1109 1129 1528 1508)
4(1128 1527 1528 1129)
4(1110 1130 1529 1509)
4(1129 1528 1529 1130)
4(1111 1131 1530 1510)
4(1130 1529 1530 1131)
4(1112 1132 1531 1511)
4(1131 1530 1531 1132)
4(1113 1133 1532 1512)
4(1132 1531 1532 1133)
4(1114 1134 1533 1513)
4(1133 1532 1533 1134)
4(1115 1135 1534 1514)
4(1134 1533 1534 1135)
4(1135 1534 1535 1136)
4(1117 1137 1536 1516)
4(0 419 1536 1137)
4(1118 1138 1537 1517)
4(1137 1536 1537 1138)
4(1119 1139 1538 1518)
4(1138 1537 1538 1139)
4(1120 1140 1539 1519)
4(1139 1538 1539 1140)
4(1121 1141 1540 1520)
4(1140 1539 1540 1141)
4(1122 1142 1541 1521)
4(1141 1540 1541 1142)
4(1123 1143 1542 1522)
4(1142 1541 1542 1143)
4(1124 1144 1543 1523)
4(1143 1542 1543 1144)
4(1125 1145 1544 1524)
4(1144 1543 1544 1145)
4(1126 1146 1545 1525)
4(1145 1544 1545 1146)
4(1127 1147 1546 1526)
4(1146 1545 1546 1147)
4(1128 1148 1547 1527)
4(1147 1546 1547 1148)
4(1129 1149 1548 1528)
4(1148 1547 1548 1149)
4(1130 1150 1549 1529)
4(1149 1548 1549 1150)
4(1131 1151 1550 1530)
4(1150 1549 1550 1151)
4(1132 1152 1551 1531)
4(1151 1550 1551 1152)
4(1133 1153 1552 1532)
4(1152 1551 1552 1153)
4(1134 1154 1553 1533)
4(1153 1552 1553 1154)
4(1135 1155 1554 1534)
4(1154 1553 1554 1155)
4(1155 1554 1555 1156)
4(1137 1157 1556 1536)
4(0 419 1556 1157)
4(1138 1158 1557 1537)
4(1157 1556 1557 1158)
4(1139 1159 1558 1538)
4(1158 1557 1558 1159)
4(1140 1160 1559 1539)
4(1159 1558 1559 1160)
4(1141 1161 1560 1540)
4(1160 1559 1560 1161)
4(1142 1162 1561 1541)
4(1161 1560 1561 1162)
4(1143 1163 1562 1542)
4(1162 1561 1562 1163)
4(1144 1164 1563 1543)
4(1163 1562 1563 1164)
4(1145 1165 1564 1544)
4(1164 1563 1564 1165)
4(1146 1166 1565 1545)
4(1165 1564 1565 1166)
4(1147 1167 1566 1546)
4(1166 1565 1566 1167)
4(1148 1168 1567 1547)
4(1167 1566 1567 1168)
4(1149 1169 1568 1548)
4(1168 1567 1568 1169)
4(1150 1170 1569 1549)
4(1169 1568 1569 1170)
4(1151 1171 1570 1550)
4(1170 1569 1570 1171)
4(1152 1172 1571 1551)
4(1171 1570 1571 1172)
4(1153 1173 1572 1552)
4(1172 1571 1572 1173)
4(1154 1174 1573 1553)
4(1173 1572 1573 1174)
4(1155 1175 1574 1554)
4(1174 1573 1574 1175)
4(1175 1574 1575 1176)
4(1157 1177 1576 1556)
4(0 419 1576 1177)
4(1158 1178 1577 1557)
4(1177 1576 1577 1178)
4(1159 1179 1578 1558)
4(1178 1577 1578 1179)
4(1160 1180 1579 1559)
4(1179 1578 1579 1180)
4(1161 1181 1580 1560)
4(1180 1579 1580 1181)
4(1162 1182 1581 1561)
4(1181 1580 1581 1182)
4(1163 1183 1582 1562)
4(1182 1581 1582 1183)
4(1164 1184 1583 1563)
4(1183 1582 1583 1184)
4(1165 1185 1584 1564)
4(1184 1583 1584 1185)
4(1166 1186 1585 1565)
4(1185 1584 1585 1186)
4(1167 1187 1586 1566)
4(1186 1585 1586 1187)
4(1168 1188 1587 1567)
4(1187 1586 1587 1188)
4(1169 1189 1588 1568)
4(1188 1587 1588 1189)
4(1170 1190 1589 1569)
4(1189 1588 1589 1190)
4(1171 1191 1590 1570)
4(1190 1589 1590 1191)
4(1172 1192 1591 1571)
4(1191 1590 1591 1192)
4(1173 1193 1592 1572)
4(1192 1591 1592 1193)
4(1174 1194 1593 1573)
4(1193 1592 1593 1194)
4(1175 1195 1594 1574)
4(1194 1593 1594 1195)
4(1195 1594 1595 1196)
4(1177 1197 1596 1576)
4(0 419 1596 1197)
4(1178 1198 1597 1577)
4(1197 1596 1597 1198)
4(1179 1199 1598 1578)
4(1198 1597 1598 1199)
4(1180 1200 1599 1579)
4(1199 1598 1599 1200)
4(1181 1201 1600 1580)
4(1200 1599 1600 1201)
4(1182 1202 1601 1581)
4(1201 1600 1601 1202)
4(1183 1203 1602 1582)
4(1202 1601 1602 1203)
4(1184 1204 1603 1583)
4(1203 1602 1603 1204)
4(1185 1205 1604 1584)
4(1204 1603 1604 1205)
4(1186 1206 1605 1585)
4(1205 1604 1605 1206)
4(1187 1207 1606 1586)
4(1206 1605 1606 1207)
4(1188 1208 1607 1587)
4(1207 1606 1607 1208)
4(1189 1209 1608 1588)
4(1208 1607 1608 1209)
4(1190 1210 1609 1589)
4(1209 1608 1609 1210)
4(1191 1211 1610 1590)
4(1210 1609 1610 1211)
4(1192 1212 1611 1591)
4(1211 1610 1611 1212)
4(1193 1213 1612 1592)
4(1212 1611 1612 1213)
4(1194 1214 1613 1593)
4(1213 1612 1613 1214)
4(1195 1215 1614 1594)
4(1214 1613 1614 1215)
4(1215 1614 1615 1216)
4(1197 1217 1616 1596)
4(1198 1218 1617 1597)
4(1199 1219 1618 1598)
4(1200 1220 1619 1599)
4(1201 1221 1620 1600)
4(1202 1222 1621 1601)
4(1203 1223 1622 1602)
4(1204 1224 1623 1603)
4(1205 1225 1624 1604)
4(1206 1226 1625 1605)
4(1207 1227 1626 1606)
4(1208 1228 1627 1607)
4(1209 1229 1628 1608)
4(1210 1230 1629 1609)
4(1211 1231 1630 1610)
4(1212 1232 1631 1611)
4(1213 1233 1632 1612)
4(1214 1234 1633 1613)
4(1215 1235 1634 1614)
4(20 40 459 439)
4(40 60 479 459)
4(60 80 499 479)
4(80 100 519 499)
4(100 120 539 519)
4(120 140 559 539)
4(140 160 579 559)
4(160 180 599 579)
4(180 200 619 599)
4(200 220 639 619)
4(220 240 659 639)
4(240 260 679 659)
4(260 280 699 679)
4(280 300 719 699)
4(300 320 739 719)
4(320 340 759 739)
4(340 360 779 759)
4(360 380 799 779)
4(380 399 818 799)
4(399 418 837 818)
4(418 856 1255 837)
4(856 876 1275 1255)
4(876 896 1295 1275)
4(896 916 1315 1295)
4(916 936 1335 1315)
4(936 956 1355 1335)
4(956 976 1375 1355)
4(976 996 1395 1375)
4(996 1016 1415 1395)
4(1016 1036 1435 1415)
4(1036 1056 1455 1435)
4(1056 1076 1475 1455)
4(1076 1096 1495 1475)
4(1096 1116 1515 1495)
4(1116 1136 1535 1515)
4(1136 1156 1555 1535)
4(1156 1176 1575 1555)
4(1176 1196 1595 1575)
4(1196 1216 1615 1595)
4(1216 1236 1635 1615)
4(0 1 420 419)
4(1 2 421 420)
4(2 3 422 421)
4(3 4 423 422)
4(4 5 424 423)
4(5 6 425 424)
4(6 7 426 425)
4(7 8 427 426)
4(8 9 428 427)
4(9 10 429 428)
4(10 11 430 429)
4(11 12 431 430)
4(12 13 432 431)
4(13 14 433 432)
4(14 15 434 433)
4(15 16 435 434)
4(16 17 436 435)
4(17 18 437 436)
4(18 19 438 437)
4(19 20 439 438)
4(0 419 1616 1217)
4(1217 1616 1617 1218)
4(1218 1617 1618 1219)
4(1219 1618 1619 1220)
4(1220 1619 1620 1221)
4(1221 1620 1621 1222)
4(1222 1621 1622 1223)
4(1223 1622 1623 1224)
4(1224 1623 1624 1225)
4(1225 1624 1625 1226)
4(1226 1625 1626 1227)
4(1227 1626 1627 1228)
4(1228 1627 1628 1229)
4(1229 1628 1629 1230)
4(1230 1629 1630 1231)
4(1231 1630 1631 1232)
4(1232 1631 1632 1233)
4(1233 1632 1633 1234)
4(1234 1633 1634 1235)
4(1235 1634 1635 1236)
3(0 21 1)
3(0 41 21)
3(0 61 41)
3(0 81 61)
3(0 101 81)
3(0 121 101)
3(0 141 121)
3(0 161 141)
3(0 181 161)
3(0 201 181)
3(0 221 201)
3(0 241 221)
3(0 261 241)
3(0 281 261)
3(0 301 281)
3(0 321 301)
3(0 341 321)
3(0 361 341)
3(0 381 361)
3(0 400 381)
4(1 21 22 2)
4(21 41 42 22)
4(41 61 62 42)
4(61 81 82 62)
4(81 101 102 82)
4(101 121 122 102)
4(121 141 142 122)
4(141 161 162 142)
4(161 181 182 162)
4(181 201 202 182)
4(201 221 222 202)
4(221 241 242 222)
4(241 261 262 242)
4(261 281 282 262)
4(281 301 302 282)
4(301 321 322 302)
4(321 341 342 322)
4(341 361 362 342)
4(361 381 382 362)
4(381 400 401 382)
4(2 22 23 3)
4(22 42 43 23)
4(42 62 63 43)
4(62 82 83 63)
4(82 102 103 83)
4(102 122 123 103)
4(122 142 143 123)
4(142 162 163 143)
4(162 182 183 163)
4(182 202 203 183)
4(202 222 223 203)
4(222 242 243 223)
4(242 262 263 243)
4(262 282 283 263)
4(282 302 303 283)
4(302 322 323 303)
4(322 342 343 323)
4(342 362 363 343)
4(362 382 383 363)
4(382 401 402 383)
4(3 23 24 4)
4(23 43 44 24)
4(43 63 64 44)
4(63 83 84 64)
4(83 103 104 84)
4(103 123 124 104)
4(123 143 144 124)
4(143 163 164 144)
4(163 183 184 164)
4(183 203 204 184)
4(203 223 224 204)
4(223 243 244 224)
4(243 263 264 244)
4(263 283 284 264)
4(283 303 304 284)
4(303 323 324 304)
4(323 343 344 324)
4(343 363 364 344)
4(363 383 384 364)
4(383 402 403 384)
4(4 24 25 5)
4(24 44 45 25)
4(44 64 65 45)
4(64 84 85 65)
4(84 104 105 85)
4(104 124 125 105)
4(124 144 145 125)
4(144 164 165 145)
4(164 184 185 165)
4(184 204 205 185)
4(204 224 225 205)
4(224 244 245 225)
4(244 264 265 245)
4(264 284 285 265)
4(284 304 305 285)
4(304 324 325 305)
4(324 344 345 325)
4(344 364 365 345)
4(364 384 385 365)
4(384 403 404 385)
4(5 25 26 6)
4(25 45 46 26)
4(45 65 66 46)
4(65 85 86 66)
4(85 105 106 86)
4(105 125 126 106)
4(125 145 146 126)
4(145 165 166 146)
4(165 185 186 166)
4(185 205 206 186)
4(205 225 226 206)
4(225 245 246 226)
4(245 265 266 246)
4(265 285 286 266)
4(285 305 306 286)
4(305 325 326 306)
4(325 345 346 326)
4(345 365 366 346)
4(365 385 386 366)
4(385 404 405 386)
4(6 26 27 7)
4(26 46 47 27)
4(46 66 67 47)
4(66 86 87 67)
4(86 106 107 87)
4(106 126 127 107)
4(126 146 147 127)
4(146 166 167 147)
4(166 186 187 167)
4(186 206 207 187)
4(206 226 227 207)
4(226 246 247 227)
4(246 266 267 247)
4(266 286 287 267)
4(286 306 307 287)
4(306 326 327 307)
4(326 346 347 327)
4(346 366 367 347)
4(366 386 387 367)
4(386 405 406 387)
4(7 27 28 8)
4(27 47 48 28)
4(47 67 68 48)
4(67 87 88 68)
4(87 107 108 88)
4(107 127 128 108)
4(127 147 148 128)
4(147 167 168 148)
4(167 187 188 168)
4(187 207 208 188)
4(207 227 228 208)
4(227 247 248 228)
4(247 267 268 248)
4(267 287 288 268)
4(287 307 308 288)
4(307 327 328 308)
4(327 347 348 328)
4(347 367 368 348)
4(367 387 388 368)
4(387 406 407 388)
4(8 28 29 9)
4(28 48 49 29)
4(48 68 69 49)
4(68 88 89 69)
4(88 108 109 89)
4(108 128 129 109)
4(128 148 149 129)
4(148 168 169 149)
4(168 188 189 169)
4(188 208 209 189)
4(208 228 229 209)
4(228 248 249 229)
4(248 268 269 249)
4(268 288 289 269)
4(288 308 309 289)
4(308 328 329 309)
4(328 348 349 329)
4(348 368 369 349)
4(368 388 389 369)
4(388 407 408 389)
4(9 29 30 10)
4(29 49 50 30)
4(49 69 70 50)
4(69 89 90 70)
4(89 109 110 90)
4(109 129 130 110)
4(129 149 150 130)
4(149 169 170 150)
4(169 189 190 170)
4(189 209 210 190)
4(209 229 230 210)
4(229 249 250 230)
4(249 269 270 250)
4(269 289 290 270)
4(289 309 310 290)
4(309 329 330 310)
4(329 349 350 330)
4(349 369 370 350)
4(10 30 31 11)
4(30 50 51 31)
4(50 70 71 51)
4(70 90 91 71)
4(90 110 111 91)
4(110 130 131 111)
4(130 150 151 131)
4(150 170 171 151)
4(170 190 191 171)
4(190 210 211 191)
4(210 230 231 211)
4(230 250 251 231)
4(250 270 271 251)
4(270 290 291 271)
4(290 310 311 291)
4(310 330 331 311)
4(330 350 351 331)
4(350 370 371 351)
4(11 31 32 12)
4(31 51 52 32)
4(51 71 72 52)
4(71 91 92 72)
4(91 111 112 92)
4(111 131 132 112)
4(131 151 152 132)
4(151 171 172 152)
4(171 191 192 172)
4(191 211 212 192)
4(211 231 232 212)
4(231 251 252 232)
4(251 271 272 252)
4(271 291 292 272)
4(291 311 312 292)
4(311 331 332 312)
4(331 351 352 332)
4(351 371 372 352)
4(371 390 391 372)
4(390 409 410 391)
4(12 32 33 13)
4(32 52 53 33)
4(52 72 73 53)
4(72 92 93 73)
4(92 112 113 93)
4(112 132 133 113)
4(132 152 153 133)
4(152 172 173 153)
4(172 192 193 173)
4(192 212 213 193)
4(212 232 233 213)
4(232 252 253 233)
4(252 272 273 253)
4(272 292 293 273)
4(292 312 313 293)
4(312 332 333 313)
4(332 352 353 333)
4(352 372 373 353)
4(372 391 392 373)
4(391 410 411 392)
4(13 33 34 14)
4(33 53 54 34)
4(53 73 74 54)
4(73 93 94 74)
4(93 113 114 94)
4(113 133 134 114)
4(133 153 154 134)
4(153 173 174 154)
4(173 193 194 174)
4(193 213 214 194)
4(213 233 234 214)
4(233 253 254 234)
4(253 273 274 254)
4(273 293 294 274)
4(293 313 314 294)
4(313 333 334 314)
4(333 353 354 334)
4(353 373 374 354)
4(373 392 393 374)
4(392 411 412 393)
4(14 34 35 15)
4(34 54 55 35)
4(54 74 75 55)
4(74 94 95 75)
4(94 114 115 95)
4(114 134 135 115)
4(134 154 155 135)
4(154 174 175 155)
4(174 194 195 175)
4(194 214 215 195)
4(214 234 235 215)
4(234 254 255 235)
4(254 274 275 255)
4(274 294 295 275)
4(294 314 315 295)
4(314 334 335 315)
4(334 354 355 335)
4(354 374 375 355)
4(374 393 394 375)
4(393 412 413 394)
4(15 35 36 16)
4(35 55 56 36)
4(55 75 76 56)
4(75 95 96 76)
4(95 115 116 96)
4(115 135 136 116)
4(135 155 156 136)
4(155 175 176 156)
4(175 195 196 176)
4(195 215 216 196)
4(215 235 236 216)
4(235 255 256 236)
4(255 275 276 256)
4(275 295 296 276)
4(295 315 316 296)
4(315 335 336 316)
4(335 355 356 336)
4(355 375 376 356)
4(375 394 395 376)
4(394 413 414 395)
4(16 36 37 17)
4(36 56 57 37)
4(56 76 77 57)
4(76 96 97 77)
4(96 116 117 97)
4(116 136 137 117)
4(136 156 157 137)
4(156 176 177 157)
4(176 196 197 177)
4(196 216 217 197)
4(216 236 237 217)
4(236 256 257 237)
4(256 276 277 257)
4(276 296 297 277)
4(296 316 317 297)
4(316 336 337 317)
4(336 356 357 337)
4(356 376 377 357)
4(376 395 396 377)
4(395 414 415 396)
4(17 37 38 18)
4(37 57 58 38)
4(57 77 78 58)
4(77 97 98 78)
4(97 117 118 98)
4(117 137 138 118)
4(137 157 158 138)
4(157 177 178 158)
4(177 197 198 178)
4(197 217 218 198)
4(217 237 238 218)
4(237 257 258 238)
4(257 277 278 258)
4(277 297 298 278)
4(297 317 318 298)
4(317 337 338 318)
4(337 357 358 338)
4(357 377 378 358)
4(377 396 397 378)
4(396 415 416 397)
4(18 38 39 19)
4(38 58 59 39)
4(58 78 79 59)
4(78 98 99 79)
4(98 118 119 99)
4(118 138 139 119)
4(138 158 159 139)
4(158 178 179 159)
4(178 198 199 179)
4(198 218 219 199)
4(218 238 239 219)
4(238 258 259 239)
4(258 278 279 259)
4(278 298 299 279)
4(298 318 319 299)
4(318 338 339 319)
4(338 358 359 339)
4(358 378 379 359)
4(378 397 398 379)
4(397 416 417 398)
4(19 39 40 20)
4(39 59 60 40)
4(59 79 80 60)
4(79 99 100 80)
4(99 119 120 100)
4(119 139 140 120)
4(139 159 160 140)
4(159 179 180 160)
4(179 199 200 180)
4(199 219 220 200)
4(219 239 240 220)
4(239 259 260 240)
4(259 279 280 260)
4(279 299 300 280)
4(299 319 320 300)
4(319 339 340 320)
4(339 359 360 340)
4(359 379 380 360)
4(379 398 399 380)
4(398 417 418 399)
3(419 420 440)
3(419 440 460)
3(419 460 480)
3(419 480 500)
3(419 500 520)
3(419 520 540)
3(419 540 560)
3(419 560 580)
3(419 580 600)
3(419 600 620)
3(419 620 640)
3(419 640 660)
3(419 660 680)
3(419 680 700)
3(419 700 720)
3(419 720 740)
3(419 740 760)
3(419 760 780)
3(419 780 800)
3(419 800 819)
4(420 421 441 440)
4(440 441 461 460)
4(460 461 481 480)
4(480 481 501 500)
4(500 501 521 520)
4(520 521 541 540)
4(540 541 561 560)
4(560 561 581 580)
4(580 581 601 600)
4(600 601 621 620)
4(620 621 641 640)
4(640 641 661 660)
4(660 661 681 680)
4(680 681 701 700)
4(700 701 721 720)
4(720 721 741 740)
4(740 741 761 760)
4(760 761 781 780)
4(780 781 801 800)
4(800 801 820 819)
4(421 422 442 441)
4(441 442 462 461)
4(461 462 482 481)
4(481 482 502 501)
4(501 502 522 521)
4(521 522 542 541)
4(541 542 562 561)
4(561 562 582 581)
4(581 582 602 601)
4(601 602 622 621)
4(621 622 642 641)
4(641 642 662 661)
4(661 662 682 681)
4(681 682 702 701)
4(701 702 722 721)
4(721 722 742 741)
4(741 742 762 761)
4(761 762 782 781)
4(781 782 802 801)
4(801 802 821 820)
4(422 423 443 442)
4(442 443 463 462)
4(462 463 483 482)
4(482 483 503 502)
4(502 503 523 522)
4(522 523 543 542)
4(542 543 563 562)
4(562 563 583 582)
4(582 583 603 602)
4(602 603 623 622)
4(622 623 643 642)
4(642 643 663 662)
4(662 663 683 682)
4(682 683 703 702)
4(702 703 723 722)
4(722 723 743 742)
4(742 743 763 762)
4(762 763 783 782)
4(782 783 803 802)
4(802 803 822 821)
4(423 424 444 443)
4(443 444 464 463)
4(463 464 484 483)
4(483 484 504 503)
4(503 504 524 523)
4(523 524 544 543)
4(543 544 564 563)
4(563 564 584 583)
4(583 584 604 603)
4(603 604 624 623)
4(623 624 644 643)
4(643 644 664 663)
4(663 664 684 683)
4(683 684 704 703)
4(703 704 724 723)
4(723 724 744 743)
4(743 744 764 763)
4(763 764 784 783)
4(783 784 804 803)
4(803 804 823 822)
4(424 425 445 444)
4(444 445 465 464)
4(464 465 485 484)
4(484 485 505 504)
4(504 505 525 524)
4(524 525 545 544)
4(544 545 565 564)
4(564 565 585 584)
4(584 585 605 604)
4(604 605 625 624)
4(624 625 645 644)
4(644 645 665 664)
4(664 665 685 684)
4(684 685 705 704)
4(704 705 725 724)
4(724 725 745 744)
4(744 745 765 764)
4(764 765 785 784)
4(784 785 805 804)
4(804 805 824 823)
4(425 426 446 445)
4(445 446 466 465)
4(465 466 486 485)
4(485 486 506 505)
4(505 506 526 525)
4(525 526 546 545)
4(545 546 566 565)
4(565 566 586 585)
4(585 586 606 605)
4(605 606 626 625)
4(625 626 646 645)
4(645 646 666 665)
4(665 666 686 685)
4(685 686 706 705)
4(705 706 726 725)
4(725 726 746 745)
4(745 746 766 765)
4(765 766 786 785)
4(785 786 806 805)
4(805 806 825 824)
4(426 427 447 446)
4(446 447 467 466)
4(466 467 487 486)
4(486 487 507 506)
4(506 507 527 526)
4(526 527 547 546)
4(546 547 567 566)
4(566 567 587 586)
4(586 587 607 606)
4(606 607 627 626)
4(626 627 647 646)
4(646 647 667 666)
4(666 667 687 686)
4(686 687 707 706)
4(706 707 727 726)
4(726 727 747 746)
4(746 747 767 766)
4(766 767 787 786)
4(786 787 807 806)
4(806 807 826 825)
4(427 428 448 447)
4(447 448 468 467)
4(467 468 488 487)
4(487 488 508 507)
4(507 508 528 527)
4(527 528 548 547)
4(547 548 568 567)
4(567 568 588 587)
4(587 588 608 607)
4(607 608 628 627)
4(627 628 648 647)
4(647 648 668 667)
4(667 668 688 687)
4(687 688 708 707)
4(707 708 728 727)
4(727 728 748 747)
4(747 748 768 767)
4(767 768 788 787)
4(787 788 808 807)
4(807 808 827 826)
4(428 429 449 448)
4(448 449 469 468)
4(468 469 489 488)
4(488 489 509 508)
4(508 509 529 528)
4(528 529 549 548)
4(548 549 569 568)
4(568 569 589 588)
4(588 589 609 608)
4(608 609 629 628)
4(628 629 649 648)
4(648 649 669 668)
4(668 669 689 688)
4(688 689 709 708)
4(708 709 729 728)
4(728 729 749 748)
4(748 749 769 768)
4(768 769 789 788)
4(429 430 450 449)
4(449 450 470 469)
4(469 470 490 489)
4(489 490 510 509)
4(509 510 530 529)
4(529 530 550 549)
4(549 550 570 569)
4(569 570 590 589)
4(589 590 610 609)
4(609 610 630 629)
4(629 630 650 649)
4(649 650 670 669)
4(669 670 690 689)
4(689 690 710 709)
4(709 710 730 729)
4(729 730 750 749)
4(749 750 770 769)
4(769 770 790 789)
4(430 431 451 450)
4(450 451 471 470)
4(470 471 491 490)
4(490 491 511 510)
4(510 511 531 530)
4(530 531 551 550)
4(550 551 571 570)
4(570 571 591 590)
4(590 591 611 610)
4(610 611 631 630)
4(630 631 651 650)
4(650 651 671 670)
4(670 671 691 690)
4(690 691 711 710)
4(710 711 731 730)
4(730 731 751 750)
4(750 751 771 770)
4(770 771 791 790)
4(790 791 810 809)
4(809 810 829 828)
4(431 432 452 451)
4(451 452 472 471)
4(471 472 492 491)
4(491 492 512 511)
4(511 512 532 531)
4(531 532 552 551)
4(551 552 572 571)
4(571 572 592 591)
4(591 592 612 611)
4(611 612 632 631)
4(631 632 652 651)
4(651 652 672 671)
4(671 672 692 691)
4(691 692 712 711)
4(711 712 732 731)
4(731 732 752 751)
4(751 752 772 771)
4(771 772 792 791)
4(791 792 811 810)
4(810 811 830 829)
4(432 433 453 452)
4(452 453 473 472)
4(472 473 493 492)
4(492 493 513 512)
4(512 513 533 532)
4(532 533 553 552)
4(552 553 573 572)
4(572 573 593 592)
4(592 593 613 612)
4(612 613 633 632)
4(632 633 653 652)
4(652 653 673 672)
4(672 673 693 692)
4(692 693 713 712)
4(712 713 733 732)
4(732 733 753 752)
4(752 753 773 772)
4(772 773 793 792)
4(792 793 812 811)
4(811 812 831 830)
4(433 434 454 453)
4(453 454 474 473)
4(473 474 494 493)
4(493 494 514 513)
4(513 514 534 533)
4(533 534 554 553)
4(553 554 574 573)
4(573 574 594 593)
4(593 594 614 613)
4(613 614 634 633)
4(633 634 654 653)
4(653 654 674 673)
4(673 674 694 693)
4(693 694 714 713)
4(713 714 734 733)
4(733 734 754 753)
4(753 754 774 773)
4(773 774 794 793)
4(793 794 813 812)
4(812 813 832 831)
4(434 435 455 454)
4(454 455 475 474)
4(474 475 495 494)
4(494 495 515 514)
4(514 515 535 534)
4(534 535 555 554)
4(554 555 575 574)
4(574 575 595 594)
4(594 595 615 614)
4(614 615 635 634)
4(634 635 655 654)
4(654 655 675 674)
4(674 675 695 694)
4(694 695 715 714)
4(714 715 735 734)
4(734 735 755 754)
4(754 755 775 774)
4(774 775 795 794)
4(794 795 814 813)
4(813 814 833 832)
4(435 436 456 455)
4(455 456 476 475)
4(475 476 496 495)
4(495 496 516 515)
4(515 516 536 535)
4(535 536 556 555)
4(555 556 576 575)
4(575 576 596 595)
4(595 596 616 615)
4(615 616 636 635)
4(635 636 656 655)
4(655 656 676 675)
4(675 676 696 695)
4(695 696 716 715)
4(715 716 736 735)
4(735 736 756 755)
4(755 756 776 775)
4(775 776 796 795)
4(795 796 815 814)
4(814 815 834 833)
4(436 437 457 456)
4(456 457 477 476)
4(476 477 497 496)
4(496 497 517 516)
4(516 517 537 536)
4(536 537 557 556)
4(556 557 577 576)
4(576 577 597 596)
4(596 597 617 616)
4(616 617 637 636)
4(636 637 657 656)
4(656 657 677 676)
4(676 677 697 696)
4(696 697 717 716)
4(716 717 737 736)
4(736 737 757 756)
4(756 757 777 776)
4(776 777 797 796)
4(796 797 816 815)
4(815 816 835 834)
4(437 438 458 457)
4(457 458 478 477)
4(477 478 498 497)
4(497 498 518 517)
4(517 518 538 537)
4(537 538 558 557)
4(557 558 578 577)
4(577 578 598 597)
4(597 598 618 617)
4(617 618 638 637)
4(637 638 658 657)
4(657 658 678 677)
4(677 678 698 697)
4(697 698 718 717)
4(717 718 738 737)
4(737 738 758 757)
4(757 758 778 777)
4(777 778 798 797)
4(797 798 817 816)
4(816 817 836 835)
4(438 439 459 458)
4(458 459 479 478)
4(478 479 499 498)
4(498 499 519 518)
4(518 519 539 538)
4(538 539 559 558)
4(558 559 579 578)
4(578 579 599 598)
4(598 599 619 618)
4(618 619 639 638)
4(638 639 659 658)
4(658 659 679 678)
4(678 679 699 698)
4(698 699 719 718)
4(718 719 739 738)
4(738 739 759 758)
4(758 759 779 778)
4(778 779 799 798)
4(798 799 818 817)
4(817 818 837 836)
3(0 838 400)
3(0 857 838)
3(0 877 857)
3(0 897 877)
3(0 917 897)
3(0 937 917)
3(0 957 937)
3(0 977 957)
3(0 997 977)
3(0 1017 997)
3(0 1037 1017)
3(0 1057 1037)
3(0 1077 1057)
3(0 1097 1077)
3(0 1117 1097)
3(0 1137 1117)
3(0 1157 1137)
3(0 1177 1157)
3(0 1197 1177)
3(0 1217 1197)
4(400 838 839 401)
4(838 857 858 839)
4(857 877 878 858)
4(877 897 898 878)
4(897 917 918 898)
4(917 937 938 918)
4(937 957 958 938)
4(957 977 978 958)
4(977 997 998 978)
4(997 1017 1018 998)
4(1017 1037 1038 1018)
4(1037 1057 1058 1038)
4(1057 1077 1078 1058)
4(1077 1097 1098 1078)
4(1097 1117 1118 1098)
4(1117 1137 1138 1118)
4(1137 1157 1158 1138)
4(1157 1177 1178 1158)
4(1177 1197 1198 1178)
4(1197 1217 1218 1198)
4(401 839 840 402)
4(839 858 859 840)
4(858 878 879 859)
4(878 898 899 879)
4(898 918 919 899)
4(918 938 939 919)
4(938 958 959 939)
4(958 978 979 959)
4(978 998 999 979)
4(998 1018 1019 999)
4(1018 1038 1039 1019)
4(1038 1058 1059 1039)
4(1058 1078 1079 1059)
4(1078 1098 1099 1079)
4(1098 1118 1119 1099)
4(1118 1138 1139 1119)
4(1138 1158 1159 1139)
4(1158 1178 1179 1159)
4(1178 1198 1199 1179)
4(1198 1218 1219 1199)
4(402 840 841 403)
4(840 859 860 841)
4(859 879 880 860)
4(879 899 900 880)
4(899 919 920 900)
4(919 939 940 920)
4(939 959 960 940)
4(959 979 980 960)
4(979 999 1000 980)
4(999 1019 1020 1000)
4(1019 1039 1040 1020)
4(1039 1059 1060 1040)
4(1059 1079 1080 1060)
4(1079 1099 1100 1080)
4(1099 1119 1120 1100)
4(1119 1139 1140 1120)
4(1139 1159 1160 1140)
4(1159 1179 1180 1160)
4(1179 1199 1200 1180)
4(1199 1219 1220 1200)
4(403 841 842 404)
4(841 860 861 842)
4(860 880 881 861)
4(880 900 901 881)
4(900 920 921 901)
4(920 940 941 921)
4(940 960 961 941)
4(960 980 981 961)
4(980 1000 1001 981)
4(1000 1020 1021 1001)
4(1020 1040 1041 1021)
4(1040 1060 1061 1041)
4(1060 1080 1081 1061)
4(1080 1100 1101 1081)
4(1100 1120 1121 1101)
4(1120 1140 1141 1121)
4(1140 1160 1161 1141)
4(1160 1180 1181 1161)
4(1180 1200 1201 1181)
4(1200 1220 1221 1201)
4(404 842 843 405)
4(842 861 862 843)
4(861 881 882 862)
4(881 901 902 882)
4(901 921 922 902)
4(921 941 942 922)
4(941 961 962 942)
4(961 981 982 962)
4(981 1001 1002 982)
4(1001 1021 1022 1002)
4(1021 1041 1042 1022)
4(1041 1061 1062 1042)
4(1061 1081 1082 1062)
4(1081 1101 1102 1082)
4(1101 1121 1122 1102)
4(1121 1141 1142 1122)
4(1141 1161 1162 1142)
4(1161 1181 1182 1162)
4(1181 1201 1202 1182)
4(1201 1221 1222 1202)
4(405 843 844 406)
4(843 862 863 844)
4(862 882 883 863)
4(882 902 903 883)
4(902 922 923 903)
4(922 942 943 923)
4(942 962 963 943)
4(962 982 983 963)
4(982 1002 1003 983)
4(1002 1022 1023 1003)
4(1022 1042 1043 1023)
4(1042 1062 1063 1043)
4(1062 1082 1083 1063)
4(1082 1102 1103 1083)
4(1102 1122 1123 1103)
4(1122 1142 1143 1123)
4(1142 1162 1163 1143)
4(1162 1182 1183 1163)
4(1182 1202 1203 1183)
4(1202 1222 1223 1203)
4(406 844 845 407)
4(844 863 864 845)
4(863 883 884 864)
4(883 903 904 884)
4(903 923 924 904)
4(923 943 944 924)
4(943 963 964 944)
4(963 983 984 964)
4(983 1003 1004 984)
4(1003 1023 1024 1004)
4(1023 1043 1044 1024)
4(1043 1063 1064 1044)
4(1063 1083 1084 1064)
4(1083 1103 1104 1084)
4(1103 1123 1124 1104)
4(1123 1143 1144 1124)
4(1143 1163 1164 1144)
4(1163 1183 1184 1164)
4(1183 1203 1204 1184)
4(1203 1223 1224 1204)
4(407 845 846 408)
4(845 864 865 846)
4(864 884 885 865)
4(884 904 905 885)
4(904 924 925 905)
4(924 944 945 925)
4(944 964 965 945)
4(964 984 985 965)
4(984 1004 1005 985)
4(1004 1024 1025 1005)
4(1024 1044 1045 1025)
4(1044 1064 1065 1045)
4(1064 1084 1085 1065)
4(1084 1104 1105 1085)
4(1104 1124 1125 1105)
4(1124 1144 1145 1125)
4(1144 1164 1165 1145)
4(1164 1184 1185 1165)
4(1184 1204 1205 1185)
4(1204 1224 1225 1205)
4(865 885 886 866)
4(885 905 906 886)
4(905 925 926 906)
4(925 945 946 926)
4(945 965 966 946)
4(965 985 986 966)
4(985 1005 1006 986)
4(1005 1025 1026 1006)
4(1025 1045 1046 1026)
4(1045 1065 1066 1046)
4(1065 1085 1086 1066)
4(1085 1105 1106 1086)
4(1105 1125 1126 1106)
4(1125 1145 1146 1126)
4(1145 1165 1166 1146)
4(1165 1185 1186 1166)
4(1185 1205 1206 1186)
4(1205 1225 1226 1206)
4(866 886 887 867)
4(886 906 907 887)
4(906 926 927 907)
4(926 946 947 927)
4(946 966 967 947)
4(966 986 987 967)
4(986 1006 1007 987)
4(1006 1026 1027 1007)
4(1026 1046 1047 1027)
4(1046 1066 1067 1047)
4(1066 1086 1087 1067)
4(1086 1106 1107 1087)
4(1106 1126 1127 1107)
4(1126 1146 1147 1127)
4(1146 1166 1167 1147)
4(1166 1186 1187 1167)
4(1186 1206 1207 1187)
4(1206 1226 1227 1207)
4(409 847 848 410)
4(847 867 868 848)
4(867 887 888 868)
4(887 907 908 888)
4(907 927 928 908)
4(927 947 948 928)
4(947 967 968 948)
4(967 987 988 968)
4(987 1007 1008 988)
4(1007 1027 1028 1008)
4(1027 1047 1048 1028)
4(1047 1067 1068 1048)
4(1067 1087 1088 1068)
4(1087 1107 1108 1088)
4(1107 1127 1128 1108)
4(1127 1147 1148 1128)
4(1147 1167 1168 1148)
4(1167 1187 1188 1168)
4(1187 1207 1208 1188)
4(1207 1227 1228 1208)
4(410 848 849 411)
4(848 868 869 849)
4(868 888 889 869)
4(888 908 909 889)
4(908 928 929 909)
4(928 948 949 929)
4(948 968 969 949)
4(968 988 989 969)
4(988 1008 1009 989)
4(1008 1028 1029 1009)
4(1028 1048 1049 1029)
4(1048 1068 1069 1049)
4(1068 1088 1089 1069)
4(1088 1108 1109 1089)
4(1108 1128 1129 1109)
4(1128 1148 1149 1129)
4(1148 1168 1169 1149)
4(1168 1188 1189 1169)
4(1188 1208 1209 1189)
4(1208 1228 1229 1209)
4(411 849 850 412)
4(849 869 870 850)
4(869 889 890 870)
4(889 909 910 890)
4(909 929 930 910)
4(929 949 950 930)
4(949 969 970 950)
4(969 989 990 970)
4(989 1009 1010 990)
4(1009 1029 1030 1010)
4(1029 1049 1050 1030)
4(1049 1069 1070 1050)
4(1069 1089 1090 1070)
4(1089 1109 1110 1090)
4(1109 1129 1130 1110)
4(1129 1149 1150 1130)
4(1149 1169 1170 1150)
4(1169 1189 1190 1170)
4(1189 1209 1210 1190)
4(1209 1229 1230 1210)
4(412 850 851 413)
4(850 870 871 851)
4(870 890 891 871)
4(890 910 911 891)
4(910 930 931 911)
4(930 950 951 931)
4(950 970 971 951)
4(970 990 991 971)
4(990 1010 1011 991)
4(1010 1030 1031 1011)
4(1030 1050 1051 1031)
4(1050 1070 1071 1051)
4(1070 1090 1091 1071)
4(1090 1110 1111 1091)
4(1110 1130 1131 1111)
4(1130 1150 1151 1131)
4(1150 1170 1171 1151)
4(1170 1190 1191 1171)
4(1190 1210 1211 1191)
4(1210 1230 1231 1211)
4(413 851 852 414)
4(851 871 872 852)
4(871 891 892 872)
4(891 911 912 892)
4(911 931 932 912)
4(931 951 952 932)
4(951 971 972 952)
4(971 991 992 972)
4(991 1011 1012 992)
4(1011 1031 1032 1012)
4(1031 1051 1052 1032)
4(1051 1071 1072 1052)
4(1071 1091 1092 1072)
4(1091 1111 1112 1092)
4(1111 1131 1132 1112)
4(1131 1151 1152 1132)
4(1151 1171 1172 1152)
4(1171 1191 1192 1172)
4(1191 1211 1212 1192)
4(1211 1231 1232 1212)
4(414 852 853 415)
4(852 872 873 853)
4(872 892 893 873)
4(892 912 913 893)
4(912 932 933 913)
4(932 952 953 933)
4(952 972 973 953)
4(972 992 993 973)
4(992 1012 1013 993)
4(1012 1032 1033 1013)
4(1032 1052 1053 1033)
4(1052 1072 1073 1053)
4(1072 1092 1093 1073)
4(1092 1112 1113 1093)
4(1112 1132 1133 1113)
4(1132 1152 1153 1133)
4(1152 1172 1173 1153)
4(1172 1192 1193 1173)
4(1192 1212 1213 1193)
4(1212 1232 1233 1213)
4(415 853 854 416)
4(853 873 874 854)
4(873 893 894 874)
4(893 913 914 894)
4(913 933 934 914)
4(933 953 954 934)
4(953 973 974 954)
4(973 993 994 974)
4(993 1013 1014 994)
4(1013 1033 1034 1014)
4(1033 1053 1054 1034)
4(1053 1073 1074 1054)
4(1073 1093 1094 1074)
4(1093 1113 1114 1094)
4(1113 1133 1134 1114)
4(1133 1153 1154 1134)
4(1153 1173 1174 1154)
4(1173 1193 1194 1174)
4(1193 1213 1214 1194)
4(1213 1233 1234 1214)
4(416 854 855 417)
4(854 874 875 855)
4(874 894 895 875)
4(894 914 915 895)
4(914 934 935 915)
4(934 954 955 935)
4(954 974 975 955)
4(974 994 995 975)
4(994 1014 1015 995)
4(1014 1034 1035 1015)
4(1034 1054 1055 1035)
4(1054 1074 1075 1055)
4(1074 1094 1095 1075)
4(1094 1114 1115 1095)
4(1114 1134 1135 1115)
4(1134 1154 1155 1135)
4(1154 1174 1175 1155)
4(1174 1194 1195 1175)
4(1194 1214 1215 1195)
4(1214 1234 1235 1215)
4(417 855 856 418)
4(855 875 876 856)
4(875 895 896 876)
4(895 915 916 896)
4(915 935 936 916)
4(935 955 956 936)
4(955 975 976 956)
4(975 995 996 976)
4(995 1015 1016 996)
4(1015 1035 1036 1016)
4(1035 1055 1056 1036)
4(1055 1075 1076 1056)
4(1075 1095 1096 1076)
4(1095 1115 1116 1096)
4(1115 1135 1136 1116)
4(1135 1155 1156 1136)
4(1155 1175 1176 1156)
4(1175 1195 1196 1176)
4(1195 1215 1216 1196)
4(1215 1235 1236 1216)
3(419 819 1237)
3(419 1237 1256)
3(419 1256 1276)
3(419 1276 1296)
3(419 1296 1316)
3(419 1316 1336)
3(419 1336 1356)
3(419 1356 1376)
3(419 1376 1396)
3(419 1396 1416)
3(419 1416 1436)
3(419 1436 1456)
3(419 1456 1476)
3(419 1476 1496)
3(419 1496 1516)
3(419 1516 1536)
3(419 1536 1556)
3(419 1556 1576)
3(419 1576 1596)
3(419 1596 1616)
4(819 820 1238 1237)
4(1237 1238 1257 1256)
4(1256 1257 1277 1276)
4(1276 1277 1297 1296)
4(1296 1297 1317 1316)
4(1316 1317 1337 1336)
4(1336 1337 1357 1356)
4(1356 1357 1377 1376)
4(1376 1377 1397 1396)
4(1396 1397 1417 1416)
4(1416 1417 1437 1436)
4(1436 1437 1457 1456)
4(1456 1457 1477 1476)
4(1476 1477 1497 1496)
4(1496 1497 1517 1516)
4(1516 1517 1537 1536)
4(1536 1537 1557 1556)
4(1556 1557 1577 1576)
4(1576 1577 1597 1596)
4(1596 1597 1617 1616)
4(820 821 1239 1238)
4(1238 1239 1258 1257)
4(1257 1258 1278 1277)
4(1277 1278 1298 1297)
4(1297 1298 1318 1317)
4(1317 1318 1338 1337)
4(1337 1338 1358 1357)
4(1357 1358 1378 1377)
4(1377 1378 1398 1397)
4(1397 1398 1418 1417)
4(1417 1418 1438 1437)
4(1437 1438 1458 1457)
4(1457 1458 1478 1477)
4(1477 1478 1498 1497)
4(1497 1498 1518 1517)
4(1517 1518 1538 1537)
4(1537 1538 1558 1557)
4(1557 1558 1578 1577)
4(1577 1578 1598 1597)
4(1597 1598 1618 1617)
4(821 822 1240 1239)
4(1239 1240 1259 1258)
4(1258 1259 1279 1278)
4(1278 1279 1299 1298)
4(1298 1299 1319 1318)
4(1318 1319 1339 1338)
4(1338 1339 1359 1358)
4(1358 1359 1379 1378)
4(1378 1379 1399 1398)
4(1398 1399 1419 1418)
4(1418 1419 1439 1438)
4(1438 1439 1459 1458)
4(1458 1459 1479 1478)
4(1478 1479 1499 1498)
4(1498 1499 1519 1518)
4(1518 1519 1539 1538)
4(1538 1539 1559 1558)
4(1558 1559 1579 1578)
4(1578 1579 1599 1598)
4(1598 1599 1619 1618)
4(822 823 1241 1240)
4(1240 1241 1260 1259)
4(1259 1260 1280 1279)
4(1279 1280 1300 1299)
4(1299 1300 1320 1319)
4(1319 1320 1340 1339)
4(1339 1340 1360 1359)
4(1359 1360 1380 1379)
4(1379 1380 1400 1399)
4(1399 1400 1420 1419)
4(1419 1420 1440 1439)
4(1439 1440 1460 1459)
4(1459 1460 1480 1479)
4(1479 1480 1500 1499)
4(1499 1500 1520 1519)
4(1519 1520 1540 1539)
4(1539 1540 1560 1559)
4(1559 1560 1580 1579)
4(1579 1580 1600 1599)
4(1599 1600 1620 1619)
4(823 824 1242 1241)
4(1241 1242 1261 1260)
4(1260 1261 1281 1280)
4(1280 1281 1301 1300)
4(1300 1301 1321 1320)
4(1320 1321 1341 1340)
4(1340 1341 1361 1360)
4(1360 1361 1381 1380)
4(1380 1381 1401 1400)
4(1400 1401 1421 1420)
4(1420 1421 1441 1440)
4(1440 1441 1461 1460)
4(1460 1461 1481 1480)
4(1480 1481 1501 1500)
4(1500 1501 1521 1520)
4(1520 1521 1541 1540)
4(1540 1541 1561 1560)
4(1560 1561 1581 1580)
4(1580 1581 1601 1600)
4(1600 1601 1621 1620)
4(824 825 1243 1242)
4(1242 1243 1262 1261)
4(1261 1262 1282 1281)
4(1281 1282 1302 1301)
4(1301 1302 1322 1321)
4(1321 1322 1342 1341)
4(1341 1342 1362 1361)
4(1361 1362 1382 1381)
4(1381 1382 1402 1401)
4(1401 1402 1422 1421)
4(1421 1422 1442 1441)
4(1441 1442 1462 1461)
4(1461 1462 1482 1481)
4(1481 1482 1502 1501)
4(1501 1502 1522 1521)
4(1521 1522 1542 1541)
4(1541 1542 1562 1561)
4(1561 1562 1582 1581)
4(1581 1582 1602 1601)
4(1601 1602 1622 1621)
4(825 826 1244 1243)
4(1243 1244 1263 1262)
4(1262 1263 1283 1282)
4(1282 1283 1303 1302)
4(1302 1303 1323 1322)
4(1322 1323 1343 1342)
4(1342 1343 1363 1362)
4(1362 1363 1383 1382)
4(1382 1383 1403 1402)
4(1402 1403 1423 1422)
4(1422 1423 1443 1442)
4(1442 1443 1463 1462)
4(1462 1463 1483 1482)
4(1482 1483 1503 1502)
4(1502 1503 1523 1522)
4(1522 1523 1543 1542)
4(1542 1543 1563 1562)
4(1562 1563 1583 1582)
4(1582 1583 1603 1602)
4(1602 1603 1623 1622)
4(826 827 1245 1244)
4(1244 1245 1264 1263)
4(1263 1264 1284 1283)
4(1283 1284 1304 1303)
4(1303 1304 1324 1323)
4(1323 1324 1344 1343)
4(1343 1344 1364 1363)
4(1363 1364 1384 1383)
4(1383 1384 1404 1403)
4(1403 1404 1424 1423)
4(1423 1424 1444 1443)
4(1443 1444 1464 1463)
4(1463 1464 1484 1483)
4(1483 1484 1504 1503)
4(1503 1504 1524 1523)
4(1523 1524 1544 1543)
4(1543 1544 1564 1563)
4(1563 1564 1584 1583)
4(1583 1584 1604 1603)
4(1603 1604 1624 1623)
4(1264 1265 1285 1284)
4(1284 1285 1305 1304)
4(1304 1305 1325 1324)
4(1324 1325 1345 1344)
4(1344 1345 1365 1364)
4(1364 1365 1385 1384)
4(1384 1385 1405 1404)
4(1404 1405 1425 1424)
4(1424 1425 1445 1444)
4(1444 1445 1465 1464)
4(1464 1465 1485 1484)
4(1484 1485 1505 1504)
4(1504 1505 1525 1524)
4(1524 1525 1545 1544)
4(1544 1545 1565 1564)
4(1564 1565 1585 1584)
4(1584 1585 1605 1604)
4(1604 1605 1625 1624)
4(1265 1266 1286 1285)
4(1285 1286 1306 1305)
4(1305 1306 1326 1325)
4(1325 1326 1346 1345)
4(1345 1346 1366 1365)
4(1365 1366 1386 1385)
4(1385 1386 1406 1405)
4(1405 1406 1426 1425)
4(1425 1426 1446 1445)
4(1445 1446 1466 1465)
4(1465 1466 1486 1485)
4(1485 1486 1506 1505)
4(1505 1506 1526 1525)
4(1525 1526 1546 1545)
4(1545 1546 1566 1565)
4(1565 1566 1586 1585)
4(1585 1586 1606 1605)
4(1605 1606 1626 1625)
4(828 829 1247 1246)
4(1246 1247 1267 1266)
4(1266 1267 1287 1286)
4(1286 1287 1307 1306)
4(1306 1307 1327 1326)
4(1326 1327 1347 1346)
4(1346 1347 1367 1366)
4(1366 1367 1387 1386)
4(1386 1387 1407 1406)
4(1406 1407 1427 1426)
4(1426 1427 1447 1446)
4(1446 1447 1467 1466)
4(1466 1467 1487 1486)
4(1486 1487 1507 1506)
4(1506 1507 1527 1526)
4(1526 1527 1547 1546)
4(1546 1547 1567 1566)
4(1566 1567 1587 1586)
4(1586 1587 1607 1606)
4(1606 1607 1627 1626)
4(829 830 1248 1247)
4(1247 1248 1268 1267)
4(1267 1268 1288 1287)
4(1287 1288 1308 1307)
4(1307 1308 1328 1327)
4(1327 1328 1348 1347)
4(1347 1348 1368 1367)
4(1367 1368 1388 1387)
4(1387 1388 1408 1407)
4(1407 1408 1428 1427)
4(1427 1428 1448 1447)
4(1447 1448 1468 1467)
4(1467 1468 1488 1487)
4(1487 1488 1508 1507)
4(1507 1508 1528 1527)
4(1527 1528 1548 1547)
4(1547 1548 1568 1567)
4(1567 1568 1588 1587)
4(1587 1588 1608 1607)
4(1607 1608 1628 1627)
4(830 831 1249 1248)
4(1248 1249 1269 1268)
4(1268 1269 1289 1288)
4(1288 1289 1309 1308)
4(1308 1309 1329 1328)
4(1328 1329 1349 1348)
4(1348 1349 1369 1368)
4(1368 1369 1389 1388)
4(1388 1389 1409 1408)
4(1408 1409 1429 1428)
4(1428 1429 1449 1448)
4(1448 1449 1469 1468)
4(1468 1469 1489 1488)
4(1488 1489 1509 1508)
4(1508 1509 1529 1528)
4(1528 1529 1549 1548)
4(1548 1549 1569 1568)
4(1568 1569 1589 1588)
4(1588 1589 1609 1608)
4(1608 1609 1629 1628)
4(831 832 1250 1249)
4(1249 1250 1270 1269)
4(1269 1270 1290 1289)
4(1289 1290 1310 1309)
4(1309 1310 1330 1329)
4(1329 1330 1350 1349)
4(1349 1350 1370 1369)
4(1369 1370 1390 1389)
4(1389 1390 1410 1409)
4(1409 1410 1430 1429)
4(1429 1430 1450 1449)
4(1449 1450 1470 1469)
4(1469 1470 1490 1489)
4(1489 1490 1510 1509)
4(1509 1510 1530 1529)
4(1529 1530 1550 1549)
4(1549 1550 1570 1569)
4(1569 1570 1590 1589)
4(1589 1590 1610 1609)
4(1609 1610 1630 1629)
4(832 833 1251 1250)
4(1250 1251 1271 1270)
4(1270 1271 1291 1290)
4(1290 1291 1311 1310)
4(1310 1311 1331 1330)
4(1330 1331 1351 1350)
4(1350 1351 1371 1370)
4(1370 1371 1391 1390)
4(1390 1391 1411 1410)
4(1410 1411 1431 1430)
4(1430 1431 1451 1450)
4(1450 1451 1471 1470)
4(1470 1471 1491 1490)
4(1490 1491 1511 1510)
4(1510 1511 1531 1530)
4(1530 1531 1551 1550)
4(1550 1551 1571 1570)
4(1570 1571 1591 1590)
4(1590 1591 1611 1610)
4(1610 1611 1631 1630)
4(833 834 1252 1251)
4(1251 1252 1272 1271)
4(1271 1272 1292 1291)
4(1291 1292 1312 1311)
4(1311 1312 1332 1331)
4(1331 1332 1352 1351)
4(1351 1352 1372 1371)
4(1371 1372 1392 1391)
4(1391 1392 1412 1411)
4(1411 1412 1432 1431)
4(1431 1432 1452 1451)
4(1451 1452 1472 1471)
4(1471 1472 1492 1491)
4(1491 1492 1512 1511)
4(1511 1512 1532 1531)
4(1531 1532 1552 1551)
4(1551 1552 1572 1571)
4(1571 1572 1592 1591)
4(1591 1592 1612 1611)
4(1611 1612 1632 1631)
4(834 835 1253 1252)
4(1252 1253 1273 1272)
4(1272 1273 1293 1292)
4(1292 1293 1313 1312)
4(1312 1313 1333 1332)
4(1332 1333 1353 1352)
4(1352 1353 1373 1372)
4(1372 1373 1393 1392)
4(1392 1393 1413 1412)
4(1412 1413 1433 1432)
4(1432 1433 1453 1452)
4(1452 1453 1473 1472)
4(1472 1473 1493 1492)
4(1492 1493 1513 1512)
4(1512 1513 1533 1532)
4(1532 1533 1553 1552)
4(1552 1553 1573 1572)
4(1572 1573 1593 1592)
4(1592 1593 1613 1612)
4(1612 1613 1633 1632)
4(835 836 1254 1253)
4(1253 1254 1274 1273)
4(1273 1274 1294 1293)
4(1293 1294 1314 1313)
4(1313 1314 1334 1333)
4(1333 1334 1354 1353)
4(1353 1354 1374 1373)
4(1373 1374 1394 1393)
4(1393 1394 1414 1413)
4(1413 1414 1434 1433)
4(1433 1434 1454 1453)
4(1453 1454 1474 1473)
4(1473 1474 1494 1493)
4(1493 1494 1514 1513)
4(1513 1514 1534 1533)
4(1533 1534 1554 1553)
4(1553 1554 1574 1573)
4(1573 1574 1594 1593)
4(1593 1594 1614 1613)
4(1613 1614 1634 1633)
4(836 837 1255 1254)
4(1254 1255 1275 1274)
4(1274 1275 1295 1294)
4(1294 1295 1315 1314)
4(1314 1315 1335 1334)
4(1334 1335 1355 1354)
4(1354 1355 1375 1374)
4(1374 1375 1395 1394)
4(1394 1395 1415 1414)
4(1414 1415 1435 1434)
4(1434 1435 1455 1454)
4(1454 1455 1475 1474)
4(1474 1475 1495 1494)
4(1494 1495 1515 1514)
4(1514 1515 1535 1534)
4(1534 1535 1555 1554)
4(1554 1555 1575 1574)
4(1574 1575 1595 1594)
4(1594 1595 1615 1614)
4(1614 1615 1635 1634)
4(369 788 789 370)
4(370 789 790 371)
4(369 389 808 788)
4(371 790 809 390)
4(389 408 827 808)
4(390 809 828 409)
4(408 846 1245 827)
4(409 828 1246 847)
4(846 865 1264 1245)
4(865 866 1265 1264)
4(847 1246 1266 867)
4(866 867 1266 1265)
)


// ************************************************************************* //
