/*--------------------------------*- C++ -*----------------------------------*\
  =========                 |
  \\      /  F ield         | OpenFOAM: The Open Source CFD Toolbox
   \\    /   O peration     | Website:  https://openfoam.org
    \\  /    A nd           | Version:  dev
     \\/     M anipulation  |
\*---------------------------------------------------------------------------*/
FoamFile
{
    version     2.0;
    format      ascii;
    class       vectorField;
    location    "0.001/region1/polyMesh";
    object      points;
}
// * * * * * * * * * * * * * * * * * * * * * * * * * * * * * * * * * * * * * //


1636
(
(0.072 0.072 0)
(0.066350741 0.071778667 0)
(0.06073627 0.071114716 0)
(0.055191212 0.07001224 0)
(0.049749765 0.068478039 0)
(0.044445487 0.066521574 0)
(0.03931109 0.064154912 0)
(0.03437824 0.061392648 0)
(0.029677357 0.058251817 0)
(0.025237433 0.054751789 0)
(0.02108585 0.05091415 0)
(0.017248211 0.046762567 0)
(0.013748183 0.042322643 0)
(0.010607352 0.03762176 0)
(0.0078450878 0.03268891 0)
(0.0054784256 0.027554513 0)
(0.003521961 0.022250235 0)
(0.00198776 0.016808788 0)
(0.0008852841 0.01126373 0)
(0.00022133254 0.0056492592 0)
(0 0 0)
(0.066633204 0.071609734 0)
(0.061299456 0.07079898 0)
(0.056031651 0.069571628 0)
(0.050862277 0.067934137 0)
(0.045823213 0.065895496 0)
(0.040945536 0.063467167 0)
(0.036259328 0.060663016 0)
(0.031793489 0.057499226 0)
(0.027575562 0.0539942 0)
(0.023631557 0.050168443 0)
(0.0199858 0.046044438 0)
(0.016660774 0.041646511 0)
(0.013676984 0.037000672 0)
(0.011052833 0.032134464 0)
(0.0088045043 0.027076787 0)
(0.006945863 0.021857723 0)
(0.005488372 0.016508349 0)
(0.0044410199 0.011060544 0)
(0.0038102659 0.0055467963 0)
(0.0036 0 0)
(0.066915667 0.071440801 0)
(0.061862643 0.070483244 0)
(0.056872091 0.069131016 0)
(0.051974788 0.067390235 0)
(0.047200938 0.065269417 0)
(0.042579981 0.062779421 0)
(0.038140416 0.059933383 0)
(0.033909621 0.056746635 0)
(0.02991369 0.05323661 0)
(0.026177265 0.049422735 0)
(0.02272339 0.04532631 0)
(0.019573365 0.040970379 0)
(0.016746617 0.036379584 0)
(0.014260579 0.031580019 0)
(0.012130583 0.026599062 0)
(0.010369765 0.021465212 0)
(0.008988984 0.016207909 0)
(0.0079967557 0.010857357 0)
(0.0073991993 0.0054443333 0)
(0.0072 0 0)
(0.06719813 0.071271867 0)
(0.062425829 0.070167509 0)
(0.05771253 0.068690404 0)
(0.0530873 0.066846333 0)
(0.048578664 0.064643338 0)
(0.044214427 0.062091675 0)
(0.040021504 0.059203751 0)
(0.036025754 0.055994044 0)
(0.032251818 0.052479021 0)
(0.028722972 0.048677028 0)
(0.025460979 0.044608182 0)
(0.022485956 0.040294246 0)
(0.019816249 0.035758496 0)
(0.017468325 0.031025573 0)
(0.015456662 0.026121336 0)
(0.013793667 0.0210727 0)
(0.012489596 0.01590747 0)
(0.011552491 0.010654171 0)
(0.010988133 0.0053418704 0)
(0.0108 0 0)
(0.067480593 0.071102934 0)
(0.062989016 0.069851773 0)
(0.05855297 0.068249792 0)
(0.054199812 0.066302431 0)
(0.04995639 0.06401726 0)
(0.045848872 0.06140393 0)
(0.041902592 0.058474118 0)
(0.038141886 0.055241454 0)
(0.034589947 0.051721431 0)
(0.03126868 0.04793132 0)
(0.028198569 0.043890053 0)
(0.025398546 0.039618114 0)
(0.022885882 0.035137408 0)
(0.02067607 0.030471128 0)
(0.01878274 0.02564361 0)
(0.017217569 0.020680188 0)
(0.015990208 0.015607031 0)
(0.015108227 0.010450984 0)
(0.014577066 0.0052394074 0)
(0.0144 0 0)
(0.067763056 0.070934001 0)
(0.063552202 0.069536037 0)
(0.059393409 0.06780918 0)
(0.055312324 0.065758529 0)
(0.051334115 0.063391181 0)
(0.047483318 0.060716184 0)
(0.04378368 0.057744486 0)
(0.040258018 0.054488863 0)
(0.036928075 0.050963842 0)
(0.033814387 0.047185613 0)
(0.030936158 0.043171925 0)
(0.028311137 0.038941982 0)
(0.025955514 0.03451632 0)
(0.023883816 0.029916682 0)
(0.022108819 0.025165885 0)
(0.020641471 0.020287676 0)
(0.01949082 0.015306591 0)
(0.018663963 0.010247798 0)
(0.018165999 0.0051369444 0)
(0.018 0 0)
(0.068045519 0.070765067 0)
(0.064115389 0.069220301 0)
(0.060233848 0.067368568 0)
(0.056424835 0.065214627 0)
(0.052711841 0.062765102 0)
(0.049117763 0.060028439 0)
(0.045664768 0.057014854 0)
(0.04237415 0.053736272 0)
(0.039266203 0.050206252 0)
(0.036360095 0.046439905 0)
(0.033673748 0.042453797 0)
(0.031223728 0.03826585 0)
(0.029025146 0.033895232 0)
(0.027091561 0.029362237 0)
(0.025434898 0.024688159 0)
(0.024065373 0.019895165 0)
(0.022991432 0.015006152 0)
(0.022219699 0.010044611 0)
(0.021754933 0.0050344815 0)
(0.0216 0 0)
(0.068327981 0.070596134 0)
(0.064678575 0.068904565 0)
(0.061074288 0.066927956 0)
(0.057537347 0.064670725 0)
(0.054089567 0.062139023 0)
(0.050752209 0.059340693 0)
(0.047545856 0.056285221 0)
(0.044490282 0.052983681 0)
(0.041604332 0.049448663 0)
(0.038905802 0.045694198 0)
(0.036411337 0.041735668 0)
(0.034136319 0.037589718 0)
(0.032094779 0.033274144 0)
(0.030299307 0.028807791 0)
(0.028760977 0.024210433 0)
(0.027489275 0.019502653 0)
(0.026492044 0.014705712 0)
(0.025775435 0.0098414248 0)
(0.025343866 0.0049320185 0)
(0.0252 0 0)
(0.068610444 0.0704272 0)
(0.065241762 0.06858883 0)
(0.061914727 0.066487344 0)
(0.058649859 0.064126823 0)
(0.055467292 0.061512945 0)
(0.052386654 0.058652947 0)
(0.049426944 0.055555589 0)
(0.046606414 0.05223109 0)
(0.04394246 0.048691074 0)
(0.04145151 0.04494849 0)
(0.039148926 0.04101754 0)
(0.03704891 0.036913586 0)
(0.035164411 0.032653056 0)
(0.033507053 0.028253346 0)
(0.032087055 0.023732708 0)
(0.030913177 0.019110141 0)
(0.029992656 0.014405273 0)
(0.02933117 0.0096382382 0)
(0.0289328 0.0048295555 0)
(0.0288 0 0)
(0.068892907 0.070258267 0)
(0.065804948 0.068273094 0)
(0.062755167 0.066046732 0)
(0.059762371 0.063582921 0)
(0.056845018 0.060886866 0)
(0.0540211 0.057965202 0)
(0.051308032 0.054825956 0)
(0.048722546 0.051478499 0)
(0.046280588 0.047933484 0)
(0.043997217 0.044202783 0)
(0.041886516 0.040299412 0)
(0.039961501 0.036237454 0)
(0.038234044 0.032031968 0)
(0.036714798 0.0276989 0)
(0.035413134 0.023254982 0)
(0.034337079 0.018717629 0)
(0.033493268 0.014104833 0)
(0.032886906 0.0094350517 0)
(0.032521733 0.0047270926 0)
(0.0324 0 0)
(0.06917537 0.070089334 0)
(0.066368135 0.067957358 0)
(0.063595606 0.06560612 0)
(0.060874882 0.063039019 0)
(0.058222743 0.060260787 0)
(0.055655545 0.057277456 0)
(0.05318912 0.054096324 0)
(0.050838679 0.050725908 0)
(0.048618717 0.047175895 0)
(0.046542925 0.043457075 0)
(0.044624105 0.039581283 0)
(0.042874092 0.035561321 0)
(0.041303676 0.03141088 0)
(0.039922544 0.027144455 0)
(0.038739213 0.022777257 0)
(0.037760981 0.018325118 0)
(0.03699388 0.013804394 0)
(0.036442642 0.0092318652 0)
(0.036110666 0.0046246296 0)
(0.036 0 0)
(0.069457833 0.0699204 0)
(0.066931321 0.067641622 0)
(0.064436045 0.065165508 0)
(0.061987394 0.062495118 0)
(0.059600469 0.059634708 0)
(0.057289991 0.056589711 0)
(0.055070208 0.053366692 0)
(0.052954811 0.049973318 0)
(0.050956845 0.046418305 0)
(0.049088632 0.042711368 0)
(0.047361695 0.038863155 0)
(0.045786682 0.034885189 0)
(0.044373308 0.030789792 0)
(0.04313029 0.026590009 0)
(0.042065292 0.022299531 0)
(0.041184882 0.017932606 0)
(0.040494492 0.013503955 0)
(0.039998378 0.0090286787 0)
(0.0396996 0.0045221667 0)
(0.0396 0 0)
(0.069740296 0.069751467 0)
(0.067494508 0.067325886 0)
(0.065276485 0.064724896 0)
(0.063099906 0.061951216 0)
(0.060978195 0.05900863 0)
(0.058924436 0.055901965 0)
(0.056951296 0.052637059 0)
(0.055070943 0.049220727 0)
(0.053294973 0.045660716 0)
(0.05163434 0.04196566 0)
(0.050099284 0.038145027 0)
(0.048699273 0.034209057 0)
(0.047442941 0.030168704 0)
(0.046338035 0.026035564 0)
(0.04539137 0.021821805 0)
(0.044608784 0.017540094 0)
(0.043995104 0.013203515 0)
(0.043554114 0.0088254922 0)
(0.043288533 0.0044197037 0)
(0.0432 0 0)
(0.070022759 0.069582534 0)
(0.068057694 0.067010151 0)
(0.066116924 0.064284284 0)
(0.064212418 0.061407314 0)
(0.06235592 0.058382551 0)
(0.060558882 0.055214219 0)
(0.058832384 0.051907427 0)
(0.057187075 0.048468136 0)
(0.055633102 0.044903126 0)
(0.054180047 0.041219953 0)
(0.052836874 0.037426898 0)
(0.051611864 0.033532925 0)
(0.050512573 0.029547616 0)
(0.049545781 0.025481118 0)
(0.048717449 0.02134408 0)
(0.048032686 0.017147582 0)
(0.047495716 0.012903076 0)
(0.047109849 0.0086223056 0)
(0.046877466 0.0043172407 0)
(0.0468 0 0)
(0.070305222 0.0694136 0)
(0.068620881 0.066694415 0)
(0.066957364 0.063843672 0)
(0.065324929 0.060863412 0)
(0.063733646 0.057756472 0)
(0.062193327 0.054526474 0)
(0.060713472 0.051177794 0)
(0.059303207 0.047715545 0)
(0.05797123 0.044145537 0)
(0.056725755 0.040474245 0)
(0.055574463 0.03670877 0)
(0.054524455 0.032856793 0)
(0.053582206 0.028926528 0)
(0.052753526 0.024926673 0)
(0.052043528 0.020866354 0)
(0.051456588 0.016755071 0)
(0.050996328 0.012602636 0)
(0.050665585 0.0084191191 0)
(0.0504664 0.0042147778 0)
(0.0504 0 0)
(0.070587685 0.069244667 0)
(0.069184067 0.066378679 0)
(0.067797803 0.06340306 0)
(0.066437441 0.06031951 0)
(0.065111372 0.057130394 0)
(0.063827773 0.053838728 0)
(0.06259456 0.050448162 0)
(0.061419339 0.046962954 0)
(0.060309358 0.043387947 0)
(0.059271462 0.039728538 0)
(0.058312053 0.035990642 0)
(0.057437046 0.032180661 0)
(0.056651838 0.02830544 0)
(0.055961272 0.024372227 0)
(0.055369606 0.020388628 0)
(0.05488049 0.016362559 0)
(0.05449694 0.012302197 0)
(0.054221321 0.0082159326 0)
(0.054055333 0.0041123148 0)
(0.054 0 0)
(0.070870148 0.069075733 0)
(0.069747254 0.066062943 0)
(0.068638242 0.062962448 0)
(0.067549953 0.059775608 0)
(0.066489097 0.056504315 0)
(0.065462218 0.053150982 0)
(0.064475648 0.04971853 0)
(0.063535471 0.046210363 0)
(0.062647487 0.042630358 0)
(0.06181717 0.03898283 0)
(0.061049642 0.035272513 0)
(0.060349637 0.031504529 0)
(0.05972147 0.027684352 0)
(0.059169018 0.023817782 0)
(0.058695685 0.019910903 0)
(0.058304392 0.015970047 0)
(0.057997552 0.012001758 0)
(0.057777057 0.0080127461 0)
(0.057644267 0.0040098518 0)
(0.0576 0 0)
(0.071152611 0.0689068 0)
(0.07031044 0.065747207 0)
(0.069478682 0.062521836 0)
(0.068662465 0.059231706 0)
(0.067866823 0.055878236 0)
(0.067096664 0.052463237 0)
(0.066356736 0.048988897 0)
(0.065651604 0.045457773 0)
(0.064985615 0.041872768 0)
(0.064362877 0.038237123 0)
(0.063787232 0.034554385 0)
(0.063262227 0.030828396 0)
(0.062791103 0.027063264 0)
(0.062376763 0.023263336 0)
(0.062021764 0.019433177 0)
(0.061728294 0.015577535 0)
(0.061498164 0.011701318 0)
(0.061332793 0.0078095596 0)
(0.0612332 0.0039073889 0)
(0.0612 0 0)
(0.071435074 0.068737867 0)
(0.070873627 0.065431472 0)
(0.070319121 0.062081224 0)
(0.069774976 0.058687804 0)
(0.069244549 0.055252157 0)
(0.068731109 0.051775491 0)
(0.068237824 0.048259265 0)
(0.067767736 0.044705182 0)
(0.067323743 0.041115179 0)
(0.066908585 0.037491415 0)
(0.066524821 0.033836257 0)
(0.066174818 0.030152264 0)
(0.065860735 0.026442176 0)
(0.065584509 0.022708891 0)
(0.065347843 0.018955451 0)
(0.065152196 0.015185024 0)
(0.064998776 0.011400879 0)
(0.064888528 0.007606373 0)
(0.064822133 0.0038049259 0)
(0.0648 0 0)
(0.071717537 0.068568933 0)
(0.071436813 0.065115736 0)
(0.071159561 0.061640612 0)
(0.070887488 0.058143902 0)
(0.070622274 0.054626079 0)
(0.070365555 0.051087746 0)
(0.070118912 0.047529632 0)
(0.069883868 0.043952591 0)
(0.069661872 0.040357589 0)
(0.069262411 0.033118128 0)
(0.069087409 0.029476132 0)
(0.068930368 0.025821088 0)
(0.068792254 0.022154445 0)
(0.068673921 0.018477726 0)
(0.068576098 0.014792512 0)
(0.068499388 0.011100439 0)
(0.068444264 0.0074031865 0)
(0.068411067 0.003702463 0)
(0.0684 0 0)
(0.072 0.0684 0)
(0.072 0.0648 0)
(0.072 0.0612 0)
(0.072 0.0576 0)
(0.072 0.054 0)
(0.072 0.0504 0)
(0.072 0.0468 0)
(0.072 0.0432 0)
(0.072 0.0396 0)
(0.072 0.0324 0)
(0.072 0.0288 0)
(0.072 0.0252 0)
(0.072 0.0216 0)
(0.072 0.018 0)
(0.072 0.0144 0)
(0.072 0.0108 0)
(0.072 0.0072 0)
(0.072 0.0036 0)
(0.072 0 0)
(0.072 0.072 0.001)
(0.066350741 0.071778667 0.001)
(0.06073627 0.071114716 0.001)
(0.055191212 0.07001224 0.001)
(0.049749765 0.068478039 0.001)
(0.044445487 0.066521574 0.001)
(0.03931109 0.064154912 0.001)
(0.03437824 0.061392648 0.001)
(0.029677357 0.058251817 0.001)
(0.025237433 0.054751789 0.001)
(0.02108585 0.05091415 0.001)
(0.017248211 0.046762567 0.001)
(0.013748183 0.042322643 0.001)
(0.010607352 0.03762176 0.001)
(0.0078450878 0.03268891 0.001)
(0.0054784256 0.027554513 0.001)
(0.003521961 0.022250235 0.001)
(0.00198776 0.016808788 0.001)
(0.0008852841 0.01126373 0.001)
(0.00022133254 0.0056492592 0.001)
(0 0 0.001)
(0.066633204 0.071609734 0.001)
(0.061299456 0.07079898 0.001)
(0.056031651 0.069571628 0.001)
(0.050862277 0.067934137 0.001)
(0.045823213 0.065895496 0.001)
(0.040945536 0.063467167 0.001)
(0.036259328 0.060663016 0.001)
(0.031793489 0.057499226 0.001)
(0.027575562 0.0539942 0.001)
(0.023631557 0.050168443 0.001)
(0.0199858 0.046044438 0.001)
(0.016660774 0.041646511 0.001)
(0.013676984 0.037000672 0.001)
(0.011052833 0.032134464 0.001)
(0.0088045043 0.027076787 0.001)
(0.006945863 0.021857723 0.001)
(0.005488372 0.016508349 0.001)
(0.0044410199 0.011060544 0.001)
(0.0038102659 0.0055467963 0.001)
(0.0036 0 0.001)
(0.066915667 0.071440801 0.001)
(0.061862643 0.070483244 0.001)
(0.056872091 0.069131016 0.001)
(0.051974788 0.067390235 0.001)
(0.047200938 0.065269417 0.001)
(0.042579981 0.062779421 0.001)
(0.038140416 0.059933383 0.001)
(0.033909621 0.056746635 0.001)
(0.02991369 0.05323661 0.001)
(0.026177265 0.049422735 0.001)
(0.02272339 0.04532631 0.001)
(0.019573365 0.040970379 0.001)
(0.016746617 0.036379584 0.001)
(0.014260579 0.031580019 0.001)
(0.012130583 0.026599062 0.001)
(0.010369765 0.021465212 0.001)
(0.008988984 0.016207909 0.001)
(0.0079967557 0.010857357 0.001)
(0.0073991993 0.0054443333 0.001)
(0.0072 0 0.001)
(0.06719813 0.071271867 0.001)
(0.062425829 0.070167509 0.001)
(0.05771253 0.068690404 0.001)
(0.0530873 0.066846333 0.001)
(0.048578664 0.064643338 0.001)
(0.044214427 0.062091675 0.001)
(0.040021504 0.059203751 0.001)
(0.036025754 0.055994044 0.001)
(0.032251818 0.052479021 0.001)
(0.028722972 0.048677028 0.001)
(0.025460979 0.044608182 0.001)
(0.022485956 0.040294246 0.001)
(0.019816249 0.035758496 0.001)
(0.017468325 0.031025573 0.001)
(0.015456662 0.026121336 0.001)
(0.013793667 0.0210727 0.001)
(0.012489596 0.01590747 0.001)
(0.011552491 0.010654171 0.001)
(0.010988133 0.0053418704 0.001)
(0.0108 0 0.001)
(0.067480593 0.071102934 0.001)
(0.062989016 0.069851773 0.001)
(0.05855297 0.068249792 0.001)
(0.054199812 0.066302431 0.001)
(0.04995639 0.06401726 0.001)
(0.045848872 0.06140393 0.001)
(0.041902592 0.058474118 0.001)
(0.038141886 0.055241454 0.001)
(0.034589947 0.051721431 0.001)
(0.03126868 0.04793132 0.001)
(0.028198569 0.043890053 0.001)
(0.025398546 0.039618114 0.001)
(0.022885882 0.035137408 0.001)
(0.02067607 0.030471128 0.001)
(0.01878274 0.02564361 0.001)
(0.017217569 0.020680188 0.001)
(0.015990208 0.015607031 0.001)
(0.015108227 0.010450984 0.001)
(0.014577066 0.0052394074 0.001)
(0.0144 0 0.001)
(0.067763056 0.070934001 0.001)
(0.063552202 0.069536037 0.001)
(0.059393409 0.06780918 0.001)
(0.055312324 0.065758529 0.001)
(0.051334115 0.063391181 0.001)
(0.047483318 0.060716184 0.001)
(0.04378368 0.057744486 0.001)
(0.040258018 0.054488863 0.001)
(0.036928075 0.050963842 0.001)
(0.033814387 0.047185613 0.001)
(0.030936158 0.043171925 0.001)
(0.028311137 0.038941982 0.001)
(0.025955514 0.03451632 0.001)
(0.023883816 0.029916682 0.001)
(0.022108819 0.025165885 0.001)
(0.020641471 0.020287676 0.001)
(0.01949082 0.015306591 0.001)
(0.018663963 0.010247798 0.001)
(0.018165999 0.0051369444 0.001)
(0.018 0 0.001)
(0.068045519 0.070765067 0.001)
(0.064115389 0.069220301 0.001)
(0.060233848 0.067368568 0.001)
(0.056424835 0.065214627 0.001)
(0.052711841 0.062765102 0.001)
(0.049117763 0.060028439 0.001)
(0.045664768 0.057014854 0.001)
(0.04237415 0.053736272 0.001)
(0.039266203 0.050206252 0.001)
(0.036360095 0.046439905 0.001)
(0.033673748 0.042453797 0.001)
(0.031223728 0.03826585 0.001)
(0.029025146 0.033895232 0.001)
(0.027091561 0.029362237 0.001)
(0.025434898 0.024688159 0.001)
(0.024065373 0.019895165 0.001)
(0.022991432 0.015006152 0.001)
(0.022219699 0.010044611 0.001)
(0.021754933 0.0050344815 0.001)
(0.0216 0 0.001)
(0.068327981 0.070596134 0.001)
(0.064678575 0.068904565 0.001)
(0.061074288 0.066927956 0.001)
(0.057537347 0.064670725 0.001)
(0.054089567 0.062139023 0.001)
(0.050752209 0.059340693 0.001)
(0.047545856 0.056285221 0.001)
(0.044490282 0.052983681 0.001)
(0.041604332 0.049448663 0.001)
(0.038905802 0.045694198 0.001)
(0.036411337 0.041735668 0.001)
(0.034136319 0.037589718 0.001)
(0.032094779 0.033274144 0.001)
(0.030299307 0.028807791 0.001)
(0.028760977 0.024210433 0.001)
(0.027489275 0.019502653 0.001)
(0.026492044 0.014705712 0.001)
(0.025775435 0.0098414248 0.001)
(0.025343866 0.0049320185 0.001)
(0.0252 0 0.001)
(0.068610444 0.0704272 0.001)
(0.065241762 0.06858883 0.001)
(0.061914727 0.066487344 0.001)
(0.058649859 0.064126823 0.001)
(0.055467292 0.061512945 0.001)
(0.052386654 0.058652947 0.001)
(0.049426944 0.055555589 0.001)
(0.046606414 0.05223109 0.001)
(0.04394246 0.048691074 0.001)
(0.04145151 0.04494849 0.001)
(0.039148926 0.04101754 0.001)
(0.03704891 0.036913586 0.001)
(0.035164411 0.032653056 0.001)
(0.033507053 0.028253346 0.001)
(0.032087055 0.023732708 0.001)
(0.030913177 0.019110141 0.001)
(0.029992656 0.014405273 0.001)
(0.02933117 0.0096382382 0.001)
(0.0289328 0.0048295555 0.001)
(0.0288 0 0.001)
(0.068892907 0.070258267 0.001)
(0.065804948 0.068273094 0.001)
(0.062755167 0.066046732 0.001)
(0.059762371 0.063582921 0.001)
(0.056845018 0.060886866 0.001)
(0.0540211 0.057965202 0.001)
(0.051308032 0.054825956 0.001)
(0.048722546 0.051478499 0.001)
(0.046280588 0.047933484 0.001)
(0.043997217 0.044202783 0.001)
(0.041886516 0.040299412 0.001)
(0.039961501 0.036237454 0.001)
(0.038234044 0.032031968 0.001)
(0.036714798 0.0276989 0.001)
(0.035413134 0.023254982 0.001)
(0.034337079 0.018717629 0.001)
(0.033493268 0.014104833 0.001)
(0.032886906 0.0094350517 0.001)
(0.032521733 0.0047270926 0.001)
(0.0324 0 0.001)
(0.06917537 0.070089334 0.001)
(0.066368135 0.067957358 0.001)
(0.063595606 0.06560612 0.001)
(0.060874882 0.063039019 0.001)
(0.058222743 0.060260787 0.001)
(0.055655545 0.057277456 0.001)
(0.05318912 0.054096324 0.001)
(0.050838679 0.050725908 0.001)
(0.048618717 0.047175895 0.001)
(0.046542925 0.043457075 0.001)
(0.044624105 0.039581283 0.001)
(0.042874092 0.035561321 0.001)
(0.041303676 0.03141088 0.001)
(0.039922544 0.027144455 0.001)
(0.038739213 0.022777257 0.001)
(0.037760981 0.018325118 0.001)
(0.03699388 0.013804394 0.001)
(0.036442642 0.0092318652 0.001)
(0.036110666 0.0046246296 0.001)
(0.036 0 0.001)
(0.069457833 0.0699204 0.001)
(0.066931321 0.067641622 0.001)
(0.064436045 0.065165508 0.001)
(0.061987394 0.062495118 0.001)
(0.059600469 0.059634708 0.001)
(0.057289991 0.056589711 0.001)
(0.055070208 0.053366692 0.001)
(0.052954811 0.049973318 0.001)
(0.050956845 0.046418305 0.001)
(0.049088632 0.042711368 0.001)
(0.047361695 0.038863155 0.001)
(0.045786682 0.034885189 0.001)
(0.044373308 0.030789792 0.001)
(0.04313029 0.026590009 0.001)
(0.042065292 0.022299531 0.001)
(0.041184882 0.017932606 0.001)
(0.040494492 0.013503955 0.001)
(0.039998378 0.0090286787 0.001)
(0.0396996 0.0045221667 0.001)
(0.0396 0 0.001)
(0.069740296 0.069751467 0.001)
(0.067494508 0.067325886 0.001)
(0.065276485 0.064724896 0.001)
(0.063099906 0.061951216 0.001)
(0.060978195 0.05900863 0.001)
(0.058924436 0.055901965 0.001)
(0.056951296 0.052637059 0.001)
(0.055070943 0.049220727 0.001)
(0.053294973 0.045660716 0.001)
(0.05163434 0.04196566 0.001)
(0.050099284 0.038145027 0.001)
(0.048699273 0.034209057 0.001)
(0.047442941 0.030168704 0.001)
(0.046338035 0.026035564 0.001)
(0.04539137 0.021821805 0.001)
(0.044608784 0.017540094 0.001)
(0.043995104 0.013203515 0.001)
(0.043554114 0.0088254922 0.001)
(0.043288533 0.0044197037 0.001)
(0.0432 0 0.001)
(0.070022759 0.069582534 0.001)
(0.068057694 0.067010151 0.001)
(0.066116924 0.064284284 0.001)
(0.064212418 0.061407314 0.001)
(0.06235592 0.058382551 0.001)
(0.060558882 0.055214219 0.001)
(0.058832384 0.051907427 0.001)
(0.057187075 0.048468136 0.001)
(0.055633102 0.044903126 0.001)
(0.054180047 0.041219953 0.001)
(0.052836874 0.037426898 0.001)
(0.051611864 0.033532925 0.001)
(0.050512573 0.029547616 0.001)
(0.049545781 0.025481118 0.001)
(0.048717449 0.02134408 0.001)
(0.048032686 0.017147582 0.001)
(0.047495716 0.012903076 0.001)
(0.047109849 0.0086223056 0.001)
(0.046877466 0.0043172407 0.001)
(0.0468 0 0.001)
(0.070305222 0.0694136 0.001)
(0.068620881 0.066694415 0.001)
(0.066957364 0.063843672 0.001)
(0.065324929 0.060863412 0.001)
(0.063733646 0.057756472 0.001)
(0.062193327 0.054526474 0.001)
(0.060713472 0.051177794 0.001)
(0.059303207 0.047715545 0.001)
(0.05797123 0.044145537 0.001)
(0.056725755 0.040474245 0.001)
(0.055574463 0.03670877 0.001)
(0.054524455 0.032856793 0.001)
(0.053582206 0.028926528 0.001)
(0.052753526 0.024926673 0.001)
(0.052043528 0.020866354 0.001)
(0.051456588 0.016755071 0.001)
(0.050996328 0.012602636 0.001)
(0.050665585 0.0084191191 0.001)
(0.0504664 0.0042147778 0.001)
(0.0504 0 0.001)
(0.070587685 0.069244667 0.001)
(0.069184067 0.066378679 0.001)
(0.067797803 0.06340306 0.001)
(0.066437441 0.06031951 0.001)
(0.065111372 0.057130394 0.001)
(0.063827773 0.053838728 0.001)
(0.06259456 0.050448162 0.001)
(0.061419339 0.046962954 0.001)
(0.060309358 0.043387947 0.001)
(0.059271462 0.039728538 0.001)
(0.058312053 0.035990642 0.001)
(0.057437046 0.032180661 0.001)
(0.056651838 0.02830544 0.001)
(0.055961272 0.024372227 0.001)
(0.055369606 0.020388628 0.001)
(0.05488049 0.016362559 0.001)
(0.05449694 0.012302197 0.001)
(0.054221321 0.0082159326 0.001)
(0.054055333 0.0041123148 0.001)
(0.054 0 0.001)
(0.070870148 0.069075733 0.001)
(0.069747254 0.066062943 0.001)
(0.068638242 0.062962448 0.001)
(0.067549953 0.059775608 0.001)
(0.066489097 0.056504315 0.001)
(0.065462218 0.053150982 0.001)
(0.064475648 0.04971853 0.001)
(0.063535471 0.046210363 0.001)
(0.062647487 0.042630358 0.001)
(0.06181717 0.03898283 0.001)
(0.061049642 0.035272513 0.001)
(0.060349637 0.031504529 0.001)
(0.05972147 0.027684352 0.001)
(0.059169018 0.023817782 0.001)
(0.058695685 0.019910903 0.001)
(0.058304392 0.015970047 0.001)
(0.057997552 0.012001758 0.001)
(0.057777057 0.0080127461 0.001)
(0.057644267 0.0040098518 0.001)
(0.0576 0 0.001)
(0.071152611 0.0689068 0.001)
(0.07031044 0.065747207 0.001)
(0.069478682 0.062521836 0.001)
(0.068662465 0.059231706 0.001)
(0.067866823 0.055878236 0.001)
(0.067096664 0.052463237 0.001)
(0.066356736 0.048988897 0.001)
(0.065651604 0.045457773 0.001)
(0.064985615 0.041872768 0.001)
(0.064362877 0.038237123 0.001)
(0.063787232 0.034554385 0.001)
(0.063262227 0.030828396 0.001)
(0.062791103 0.027063264 0.001)
(0.062376763 0.023263336 0.001)
(0.062021764 0.019433177 0.001)
(0.061728294 0.015577535 0.001)
(0.061498164 0.011701318 0.001)
(0.061332793 0.0078095596 0.001)
(0.0612332 0.0039073889 0.001)
(0.0612 0 0.001)
(0.071435074 0.068737867 0.001)
(0.070873627 0.065431472 0.001)
(0.070319121 0.062081224 0.001)
(0.069774976 0.058687804 0.001)
(0.069244549 0.055252157 0.001)
(0.068731109 0.051775491 0.001)
(0.068237824 0.048259265 0.001)
(0.067767736 0.044705182 0.001)
(0.067323743 0.041115179 0.001)
(0.066908585 0.037491415 0.001)
(0.066524821 0.033836257 0.001)
(0.066174818 0.030152264 0.001)
(0.065860735 0.026442176 0.001)
(0.065584509 0.022708891 0.001)
(0.065347843 0.018955451 0.001)
(0.065152196 0.015185024 0.001)
(0.064998776 0.011400879 0.001)
(0.064888528 0.007606373 0.001)
(0.064822133 0.0038049259 0.001)
(0.0648 0 0.001)
(0.071717537 0.068568933 0.001)
(0.071436813 0.065115736 0.001)
(0.071159561 0.061640612 0.001)
(0.070887488 0.058143902 0.001)
(0.070622274 0.054626079 0.001)
(0.070365555 0.051087746 0.001)
(0.070118912 0.047529632 0.001)
(0.069883868 0.043952591 0.001)
(0.069661872 0.040357589 0.001)
(0.069262411 0.033118128 0.001)
(0.069087409 0.029476132 0.001)
(0.068930368 0.025821088 0.001)
(0.068792254 0.022154445 0.001)
(0.068673921 0.018477726 0.001)
(0.068576098 0.014792512 0.001)
(0.068499388 0.011100439 0.001)
(0.068444264 0.0074031865 0.001)
(0.068411067 0.003702463 0.001)
(0.0684 0 0.001)
(0.072 0.0684 0.001)
(0.072 0.0648 0.001)
(0.072 0.0612 0.001)
(0.072 0.0576 0.001)
(0.072 0.054 0.001)
(0.072 0.0504 0.001)
(0.072 0.0468 0.001)
(0.072 0.0432 0.001)
(0.072 0.0396 0.001)
(0.072 0.0324 0.001)
(0.072 0.0288 0.001)
(0.072 0.0252 0.001)
(0.072 0.0216 0.001)
(0.072 0.018 0.001)
(0.072 0.0144 0.001)
(0.072 0.0108 0.001)
(0.072 0.0072 0.001)
(0.072 0.0036 0.001)
(0.072 0 0.001)
(0.072282452 0.068568901 0)
(0.072563163 0.065115676 0)
(0.072840402 0.061640529 0)
(0.073112459 0.0581438 0)
(0.073377658 0.054625962 0)
(0.073634363 0.051087619 0)
(0.073880991 0.0475295 0)
(0.074116023 0.043952457 0)
(0.074338009 0.040357457 0)
(0.074737457 0.033118009 0)
(0.074912457 0.029476023 0)
(0.0750695 0.025820991 0)
(0.075207619 0.022154363 0)
(0.075325962 0.018477658 0)
(0.0754238 0.014792459 0)
(0.075500529 0.011100402 0)
(0.075555676 0.0074031633 0)
(0.075588901 0.0037024524 0)
(0.0756 0 0)
(0.072564905 0.068737803 0)
(0.073126327 0.065431352 0)
(0.073680804 0.062081058 0)
(0.074224919 0.0586876 0)
(0.074755316 0.055251925 0)
(0.075268726 0.051775238 0)
(0.075761983 0.048259 0)
(0.076232046 0.044704913 0)
(0.076676018 0.041114914 0)
(0.07709116 0.03749116 0)
(0.077474914 0.033836018 0)
(0.077824913 0.030152046 0)
(0.078139 0.026441983 0)
(0.078415238 0.022708726 0)
(0.078651925 0.018955316 0)
(0.0788476 0.015184919 0)
(0.079001058 0.011400804 0)
(0.079111352 0.0076063265 0)
(0.079177803 0.0038049048 0)
(0.0792 0 0)
(0.072847357 0.068906704 0)
(0.07368949 0.065747028 0)
(0.074521206 0.062521587 0)
(0.075337378 0.0592314 0)
(0.076132974 0.055877887 0)
(0.076903089 0.052462857 0)
(0.077642974 0.0489885 0)
(0.078348069 0.04545737 0)
(0.079014027 0.041872371 0)
(0.07963674 0.03823674 0)
(0.080212371 0.034554027 0)
(0.08073737 0.030828069 0)
(0.0812085 0.027062974 0)
(0.081622857 0.023263089 0)
(0.081977887 0.019432974 0)
(0.0822714 0.015577378 0)
(0.082501587 0.011701206 0)
(0.082667028 0.0078094898 0)
(0.082766704 0.0039073571 0)
(0.0828 0 0)
(0.07312981 0.069075605 0)
(0.074252653 0.066062704 0)
(0.075361608 0.062962115 0)
(0.076449837 0.0597752 0)
(0.077510632 0.056503849 0)
(0.078537452 0.053150476 0)
(0.079523966 0.049718 0)
(0.080464093 0.046209826 0)
(0.081352035 0.042629828 0)
(0.08218232 0.03898232 0)
(0.082949828 0.035272035 0)
(0.083649826 0.031504093 0)
(0.084278 0.027683966 0)
(0.084830476 0.023817452 0)
(0.085303849 0.019910632 0)
(0.0856952 0.015969837 0)
(0.086002115 0.012001608 0)
(0.086222704 0.0080126531 0)
(0.086355605 0.0040098095 0)
(0.0864 0 0)
(0.073412262 0.069244506 0)
(0.074815816 0.06637838 0)
(0.07620201 0.063402644 0)
(0.077562297 0.060319 0)
(0.07888829 0.057129811 0)
(0.080171815 0.053838096 0)
(0.081404957 0.0504475 0)
(0.082580116 0.046962283 0)
(0.083690044 0.043387284 0)
(0.0847279 0.0397279 0)
(0.085687284 0.035990044 0)
(0.086562283 0.032180116 0)
(0.0873475 0.028304957 0)
(0.088038096 0.024371815 0)
(0.088629811 0.02038829 0)
(0.089119 0.016362297 0)
(0.089502644 0.01230201 0)
(0.08977838 0.0082158163 0)
(0.089944506 0.0041122619 0)
(0.09 0 0)
(0.073694714 0.069413408 0)
(0.07537898 0.066694056 0)
(0.077042412 0.063843173 0)
(0.078674756 0.0608628 0)
(0.080265948 0.057755774 0)
(0.081806178 0.054525715 0)
(0.083285949 0.051177 0)
(0.084696139 0.047714739 0)
(0.086028053 0.044144741 0)
(0.08727348 0.04047348 0)
(0.088424741 0.036708053 0)
(0.089474739 0.032856139 0)
(0.090417 0.028925949 0)
(0.091245715 0.024926178 0)
(0.091955774 0.020865948 0)
(0.0925428 0.016754756 0)
(0.093003173 0.012602412 0)
(0.093334056 0.0084189796 0)
(0.093533408 0.0042147143 0)
(0.0936 0 0)
(0.073977167 0.069582309 0)
(0.075942143 0.067009732 0)
(0.077882814 0.064283702 0)
(0.079787216 0.061406599 0)
(0.081643606 0.058381736 0)
(0.083440541 0.055213334 0)
(0.08516694 0.0519065 0)
(0.086812162 0.048467196 0)
(0.088366062 0.044902198 0)
(0.08981906 0.04121906 0)
(0.091162198 0.037426062 0)
(0.092387196 0.033532162 0)
(0.0934865 0.02954694 0)
(0.094453334 0.025480541 0)
(0.095281736 0.021343606 0)
(0.095966599 0.017147216 0)
(0.096503702 0.012902814 0)
(0.096889732 0.0086221429 0)
(0.097122309 0.0043171666 0)
(0.0972 0 0)
(0.074259619 0.06975121 0)
(0.076505306 0.067325408 0)
(0.078723216 0.064724231 0)
(0.080899675 0.061950399 0)
(0.083021264 0.059007698 0)
(0.085074904 0.055900953 0)
(0.087047932 0.052636 0)
(0.088928185 0.049219652 0)
(0.090704071 0.045659655 0)
(0.09236464 0.04196464 0)
(0.093899655 0.038144071 0)
(0.095299652 0.034208185 0)
(0.096556 0.030167932 0)
(0.097660953 0.026034904 0)
(0.098607698 0.021821264 0)
(0.099390399 0.017539675 0)
(0.10000423 0.013203216 0)
(0.10044541 0.0088253062 0)
(0.10071121 0.004419619 0)
(0.1008 0 0)
(0.074542071 0.069920112 0)
(0.077068469 0.067641084 0)
(0.079563618 0.06516476 0)
(0.082012134 0.062494199 0)
(0.084398922 0.059633661 0)
(0.086709266 0.056588572 0)
(0.088928923 0.0533655 0)
(0.091044208 0.049972109 0)
(0.09304208 0.046417112 0)
(0.09491022 0.04271022 0)
(0.096637112 0.03886208 0)
(0.098212109 0.034884208 0)
(0.0996255 0.030788923 0)
(0.10086857 0.026589266 0)
(0.10193366 0.022298922 0)
(0.1028142 0.017932134 0)
(0.10350476 0.013503618 0)
(0.10400108 0.0090284694 0)
(0.10430011 0.0045220714 0)
(0.1044 0 0)
(0.074824524 0.070089013 0)
(0.077631633 0.06795676 0)
(0.08040402 0.065605288 0)
(0.083124594 0.063037999 0)
(0.08577658 0.060259623 0)
(0.088343629 0.057276191 0)
(0.090809915 0.054095 0)
(0.093160231 0.050724565 0)
(0.095380088 0.047174569 0)
(0.0974558 0.0434558 0)
(0.099374569 0.039580088 0)
(0.10112457 0.035560231 0)
(0.102695 0.031409915 0)
(0.10407619 0.027143629 0)
(0.10525962 0.02277658 0)
(0.106238 0.018324594 0)
(0.10700529 0.01380402 0)
(0.10755676 0.0092316327 0)
(0.10788901 0.0046245238 0)
(0.108 0 0)
(0.075106976 0.070257914 0)
(0.078194796 0.068272436 0)
(0.081244422 0.066045817 0)
(0.084237053 0.063581799 0)
(0.087154238 0.060885585 0)
(0.089977992 0.05796381 0)
(0.092690906 0.0548245 0)
(0.095276255 0.051477022 0)
(0.097718097 0.047932026 0)
(0.10000138 0.04420138 0)
(0.10211203 0.040298097 0)
(0.10403702 0.036236255 0)
(0.1057645 0.032030906 0)
(0.10728381 0.027697992 0)
(0.10858559 0.023254238 0)
(0.1096618 0.018717053 0)
(0.11050582 0.014104422 0)
(0.11111244 0.009434796 0)
(0.11147791 0.0047269762 0)
(0.1116 0 0)
(0.075389429 0.070426816 0)
(0.078757959 0.068588111 0)
(0.082084824 0.066486346 0)
(0.085349512 0.064125599 0)
(0.088531896 0.061511547 0)
(0.091612355 0.058651429 0)
(0.094571898 0.055554 0)
(0.097392278 0.052229478 0)
(0.10005611 0.048689483 0)
(0.10254696 0.04494696 0)
(0.10484948 0.041016106 0)
(0.10694948 0.036912278 0)
(0.108834 0.032651898 0)
(0.11049143 0.028252355 0)
(0.11191155 0.023731896 0)
(0.1130856 0.019109512 0)
(0.11400635 0.014404824 0)
(0.11466811 0.0096379592 0)
(0.11506682 0.0048294285 0)
(0.1152 0 0)
(0.075671881 0.070595717 0)
(0.079321122 0.068903787 0)
(0.082925226 0.066926875 0)
(0.086461972 0.064669399 0)
(0.089909554 0.06213751 0)
(0.093246718 0.059339048 0)
(0.096452889 0.0562835 0)
(0.099508301 0.052981935 0)
(0.10239411 0.04944694 0)
(0.10509254 0.04569254 0)
(0.10758694 0.041734115 0)
(0.10986193 0.037588301 0)
(0.1119035 0.033272889 0)
(0.11369905 0.028806718 0)
(0.11523751 0.024209554 0)
(0.1165094 0.019501972 0)
(0.11750687 0.014705226 0)
(0.11822379 0.0098411225 0)
(0.11865572 0.0049318809 0)
(0.1188 0 0)
(0.075954333 0.070764618 0)
(0.079884286 0.069219463 0)
(0.083765628 0.067367404 0)
(0.087574431 0.065213199 0)
(0.091287212 0.062763472 0)
(0.094881081 0.060026668 0)
(0.098333881 0.057013 0)
(0.10162432 0.053734391 0)
(0.10473212 0.050204396 0)
(0.10763812 0.04643812 0)
(0.1103244 0.042452124 0)
(0.11277439 0.038264324 0)
(0.114973 0.033893881 0)
(0.11690667 0.029361081 0)
(0.11856347 0.024687212 0)
(0.1199332 0.019894431 0)
(0.1210074 0.015005628 0)
(0.12177946 0.010044286 0)
(0.12224462 0.0050343333 0)
(0.1224 0 0)
(0.076236786 0.070933519 0)
(0.080447449 0.069535139 0)
(0.08460603 0.067807933 0)
(0.088686891 0.065756999 0)
(0.09266487 0.063389434 0)
(0.096515444 0.060714287 0)
(0.10021487 0.0577425 0)
(0.10374035 0.054486848 0)
(0.10707013 0.050961853 0)
(0.1101837 0.0471837 0)
(0.11306185 0.043170133 0)
(0.11568685 0.038940347 0)
(0.1180425 0.034514872 0)
(0.12011429 0.029915444 0)
(0.12188943 0.02516487 0)
(0.123357 0.020286891 0)
(0.12450793 0.01530603 0)
(0.12533514 0.010247449 0)
(0.12583352 0.0051367857 0)
(0.126 0 0)
(0.076519238 0.071102421 0)
(0.081010612 0.069850815 0)
(0.085446432 0.068248461 0)
(0.08979935 0.066300799 0)
(0.094042528 0.064015397 0)
(0.098149807 0.061401906 0)
(0.10209586 0.058472 0)
(0.10585637 0.055239305 0)
(0.10940814 0.05171931 0)
(0.11272928 0.04792928 0)
(0.11579931 0.043888141 0)
(0.1185993 0.03961637 0)
(0.121112 0.035135864 0)
(0.12332191 0.030469807 0)
(0.1252154 0.025642528 0)
(0.1267808 0.02067935 0)
(0.12800846 0.015606432 0)
(0.12889082 0.010450612 0)
(0.12942242 0.0052392381 0)
(0.1296 0 0)
(0.07680169 0.071271322 0)
(0.081573776 0.070166491 0)
(0.086286834 0.06868899 0)
(0.090911809 0.066844599 0)
(0.095420186 0.064641359 0)
(0.09978417 0.062089525 0)
(0.10397686 0.0592015 0)
(0.10797239 0.055991761 0)
(0.11174615 0.052476767 0)
(0.11527486 0.04867486 0)
(0.11853677 0.04460615 0)
(0.12151176 0.040292393 0)
(0.1241815 0.035756855 0)
(0.12652952 0.03102417 0)
(0.12854136 0.026120186 0)
(0.1302046 0.021071809 0)
(0.13150899 0.015906834 0)
(0.13244649 0.010653776 0)
(0.13301132 0.0053416904 0)
(0.1332 0 0)
(0.077084143 0.071440223 0)
(0.082136939 0.070482167 0)
(0.087127236 0.069129519 0)
(0.092024269 0.067388399 0)
(0.096797844 0.065267321 0)
(0.10141853 0.062777144 0)
(0.10585785 0.059931 0)
(0.11008842 0.056744218 0)
(0.11408416 0.053234224 0)
(0.11782044 0.04942044 0)
(0.12127422 0.045324159 0)
(0.12442422 0.040968416 0)
(0.127251 0.036377847 0)
(0.12973714 0.031578533 0)
(0.13186732 0.026597844 0)
(0.1336284 0.021464269 0)
(0.13500952 0.016207236 0)
(0.13600217 0.010856939 0)
(0.13660022 0.0054441428 0)
(0.1368 0 0)
(0.077366595 0.071609125 0)
(0.082700102 0.070797843 0)
(0.087967638 0.069570048 0)
(0.093136728 0.067932199 0)
(0.098175502 0.065893283 0)
(0.1030529 0.063464763 0)
(0.10773884 0.0606605 0)
(0.11220444 0.057496674 0)
(0.11642217 0.053991681 0)
(0.12036602 0.05016602 0)
(0.12401168 0.046042168 0)
(0.12733667 0.04164444 0)
(0.1303205 0.036998838 0)
(0.13294476 0.032132896 0)
(0.13519328 0.027075502 0)
(0.1370522 0.021856728 0)
(0.13851005 0.016507638 0)
(0.13955784 0.011060102 0)
(0.14018912 0.0055465952 0)
(0.1404 0 0)
(0.077649048 0.071778026 0)
(0.083263265 0.071113519 0)
(0.08880804 0.070010577 0)
(0.094249187 0.068475999 0)
(0.09955316 0.066519246 0)
(0.10468726 0.064152382 0)
(0.10961983 0.06139 0)
(0.11432046 0.058249131 0)
(0.11876018 0.054749138 0)
(0.1229116 0.0509116 0)
(0.12674914 0.046760177 0)
(0.13024913 0.042320463 0)
(0.13339 0.03761983 0)
(0.13615238 0.032687259 0)
(0.13851925 0.02755316 0)
(0.140476 0.022249187 0)
(0.14201058 0.01680804 0)
(0.14311352 0.011263265 0)
(0.14377803 0.0056490476 0)
(0.144 0 0)
(0.072282452 0.068568901 0.001)
(0.072563163 0.065115676 0.001)
(0.072840402 0.061640529 0.001)
(0.073112459 0.0581438 0.001)
(0.073377658 0.054625962 0.001)
(0.073634363 0.051087619 0.001)
(0.073880991 0.0475295 0.001)
(0.074116023 0.043952457 0.001)
(0.074338009 0.040357457 0.001)
(0.074737457 0.033118009 0.001)
(0.074912457 0.029476023 0.001)
(0.0750695 0.025820991 0.001)
(0.075207619 0.022154363 0.001)
(0.075325962 0.018477658 0.001)
(0.0754238 0.014792459 0.001)
(0.075500529 0.011100402 0.001)
(0.075555676 0.0074031633 0.001)
(0.075588901 0.0037024524 0.001)
(0.0756 0 0.001)
(0.072564905 0.068737803 0.001)
(0.073126327 0.065431352 0.001)
(0.073680804 0.062081058 0.001)
(0.074224919 0.0586876 0.001)
(0.074755316 0.055251925 0.001)
(0.075268726 0.051775238 0.001)
(0.075761983 0.048259 0.001)
(0.076232046 0.044704913 0.001)
(0.076676018 0.041114914 0.001)
(0.07709116 0.03749116 0.001)
(0.077474914 0.033836018 0.001)
(0.077824913 0.030152046 0.001)
(0.078139 0.026441983 0.001)
(0.078415238 0.022708726 0.001)
(0.078651925 0.018955316 0.001)
(0.0788476 0.015184919 0.001)
(0.079001058 0.011400804 0.001)
(0.079111352 0.0076063265 0.001)
(0.079177803 0.0038049048 0.001)
(0.0792 0 0.001)
(0.072847357 0.068906704 0.001)
(0.07368949 0.065747028 0.001)
(0.074521206 0.062521587 0.001)
(0.075337378 0.0592314 0.001)
(0.076132974 0.055877887 0.001)
(0.076903089 0.052462857 0.001)
(0.077642974 0.0489885 0.001)
(0.078348069 0.04545737 0.001)
(0.079014027 0.041872371 0.001)
(0.07963674 0.03823674 0.001)
(0.080212371 0.034554027 0.001)
(0.08073737 0.030828069 0.001)
(0.0812085 0.027062974 0.001)
(0.081622857 0.023263089 0.001)
(0.081977887 0.019432974 0.001)
(0.0822714 0.015577378 0.001)
(0.082501587 0.011701206 0.001)
(0.082667028 0.0078094898 0.001)
(0.082766704 0.0039073571 0.001)
(0.0828 0 0.001)
(0.07312981 0.069075605 0.001)
(0.074252653 0.066062704 0.001)
(0.075361608 0.062962115 0.001)
(0.076449837 0.0597752 0.001)
(0.077510632 0.056503849 0.001)
(0.078537452 0.053150476 0.001)
(0.079523966 0.049718 0.001)
(0.080464093 0.046209826 0.001)
(0.081352035 0.042629828 0.001)
(0.08218232 0.03898232 0.001)
(0.082949828 0.035272035 0.001)
(0.083649826 0.031504093 0.001)
(0.084278 0.027683966 0.001)
(0.084830476 0.023817452 0.001)
(0.085303849 0.019910632 0.001)
(0.0856952 0.015969837 0.001)
(0.086002115 0.012001608 0.001)
(0.086222704 0.0080126531 0.001)
(0.086355605 0.0040098095 0.001)
(0.0864 0 0.001)
(0.073412262 0.069244506 0.001)
(0.074815816 0.06637838 0.001)
(0.07620201 0.063402644 0.001)
(0.077562297 0.060319 0.001)
(0.07888829 0.057129811 0.001)
(0.080171815 0.053838096 0.001)
(0.081404957 0.0504475 0.001)
(0.082580116 0.046962283 0.001)
(0.083690044 0.043387284 0.001)
(0.0847279 0.0397279 0.001)
(0.085687284 0.035990044 0.001)
(0.086562283 0.032180116 0.001)
(0.0873475 0.028304957 0.001)
(0.088038096 0.024371815 0.001)
(0.088629811 0.02038829 0.001)
(0.089119 0.016362297 0.001)
(0.089502644 0.01230201 0.001)
(0.08977838 0.0082158163 0.001)
(0.089944506 0.0041122619 0.001)
(0.09 0 0.001)
(0.073694714 0.069413408 0.001)
(0.07537898 0.066694056 0.001)
(0.077042412 0.063843173 0.001)
(0.078674756 0.0608628 0.001)
(0.080265948 0.057755774 0.001)
(0.081806178 0.054525715 0.001)
(0.083285949 0.051177 0.001)
(0.084696139 0.047714739 0.001)
(0.086028053 0.044144741 0.001)
(0.08727348 0.04047348 0.001)
(0.088424741 0.036708053 0.001)
(0.089474739 0.032856139 0.001)
(0.090417 0.028925949 0.001)
(0.091245715 0.024926178 0.001)
(0.091955774 0.020865948 0.001)
(0.0925428 0.016754756 0.001)
(0.093003173 0.012602412 0.001)
(0.093334056 0.0084189796 0.001)
(0.093533408 0.0042147143 0.001)
(0.0936 0 0.001)
(0.073977167 0.069582309 0.001)
(0.075942143 0.067009732 0.001)
(0.077882814 0.064283702 0.001)
(0.079787216 0.061406599 0.001)
(0.081643606 0.058381736 0.001)
(0.083440541 0.055213334 0.001)
(0.08516694 0.0519065 0.001)
(0.086812162 0.048467196 0.001)
(0.088366062 0.044902198 0.001)
(0.08981906 0.04121906 0.001)
(0.091162198 0.037426062 0.001)
(0.092387196 0.033532162 0.001)
(0.0934865 0.02954694 0.001)
(0.094453334 0.025480541 0.001)
(0.095281736 0.021343606 0.001)
(0.095966599 0.017147216 0.001)
(0.096503702 0.012902814 0.001)
(0.096889732 0.0086221429 0.001)
(0.097122309 0.0043171666 0.001)
(0.0972 0 0.001)
(0.074259619 0.06975121 0.001)
(0.076505306 0.067325408 0.001)
(0.078723216 0.064724231 0.001)
(0.080899675 0.061950399 0.001)
(0.083021264 0.059007698 0.001)
(0.085074904 0.055900953 0.001)
(0.087047932 0.052636 0.001)
(0.088928185 0.049219652 0.001)
(0.090704071 0.045659655 0.001)
(0.09236464 0.04196464 0.001)
(0.093899655 0.038144071 0.001)
(0.095299652 0.034208185 0.001)
(0.096556 0.030167932 0.001)
(0.097660953 0.026034904 0.001)
(0.098607698 0.021821264 0.001)
(0.099390399 0.017539675 0.001)
(0.10000423 0.013203216 0.001)
(0.10044541 0.0088253062 0.001)
(0.10071121 0.004419619 0.001)
(0.1008 0 0.001)
(0.074542071 0.069920112 0.001)
(0.077068469 0.067641084 0.001)
(0.079563618 0.06516476 0.001)
(0.082012134 0.062494199 0.001)
(0.084398922 0.059633661 0.001)
(0.086709266 0.056588572 0.001)
(0.088928923 0.0533655 0.001)
(0.091044208 0.049972109 0.001)
(0.09304208 0.046417112 0.001)
(0.09491022 0.04271022 0.001)
(0.096637112 0.03886208 0.001)
(0.098212109 0.034884208 0.001)
(0.0996255 0.030788923 0.001)
(0.10086857 0.026589266 0.001)
(0.10193366 0.022298922 0.001)
(0.1028142 0.017932134 0.001)
(0.10350476 0.013503618 0.001)
(0.10400108 0.0090284694 0.001)
(0.10430011 0.0045220714 0.001)
(0.1044 0 0.001)
(0.074824524 0.070089013 0.001)
(0.077631633 0.06795676 0.001)
(0.08040402 0.065605288 0.001)
(0.083124594 0.063037999 0.001)
(0.08577658 0.060259623 0.001)
(0.088343629 0.057276191 0.001)
(0.090809915 0.054095 0.001)
(0.093160231 0.050724565 0.001)
(0.095380088 0.047174569 0.001)
(0.0974558 0.0434558 0.001)
(0.099374569 0.039580088 0.001)
(0.10112457 0.035560231 0.001)
(0.102695 0.031409915 0.001)
(0.10407619 0.027143629 0.001)
(0.10525962 0.02277658 0.001)
(0.106238 0.018324594 0.001)
(0.10700529 0.01380402 0.001)
(0.10755676 0.0092316327 0.001)
(0.10788901 0.0046245238 0.001)
(0.108 0 0.001)
(0.075106976 0.070257914 0.001)
(0.078194796 0.068272436 0.001)
(0.081244422 0.066045817 0.001)
(0.084237053 0.063581799 0.001)
(0.087154238 0.060885585 0.001)
(0.089977992 0.05796381 0.001)
(0.092690906 0.0548245 0.001)
(0.095276255 0.051477022 0.001)
(0.097718097 0.047932026 0.001)
(0.10000138 0.04420138 0.001)
(0.10211203 0.040298097 0.001)
(0.10403702 0.036236255 0.001)
(0.1057645 0.032030906 0.001)
(0.10728381 0.027697992 0.001)
(0.10858559 0.023254238 0.001)
(0.1096618 0.018717053 0.001)
(0.11050582 0.014104422 0.001)
(0.11111244 0.009434796 0.001)
(0.11147791 0.0047269762 0.001)
(0.1116 0 0.001)
(0.075389429 0.070426816 0.001)
(0.078757959 0.068588111 0.001)
(0.082084824 0.066486346 0.001)
(0.085349512 0.064125599 0.001)
(0.088531896 0.061511547 0.001)
(0.091612355 0.058651429 0.001)
(0.094571898 0.055554 0.001)
(0.097392278 0.052229478 0.001)
(0.10005611 0.048689483 0.001)
(0.10254696 0.04494696 0.001)
(0.10484948 0.041016106 0.001)
(0.10694948 0.036912278 0.001)
(0.108834 0.032651898 0.001)
(0.11049143 0.028252355 0.001)
(0.11191155 0.023731896 0.001)
(0.1130856 0.019109512 0.001)
(0.11400635 0.014404824 0.001)
(0.11466811 0.0096379592 0.001)
(0.11506682 0.0048294285 0.001)
(0.1152 0 0.001)
(0.075671881 0.070595717 0.001)
(0.079321122 0.068903787 0.001)
(0.082925226 0.066926875 0.001)
(0.086461972 0.064669399 0.001)
(0.089909554 0.06213751 0.001)
(0.093246718 0.059339048 0.001)
(0.096452889 0.0562835 0.001)
(0.099508301 0.052981935 0.001)
(0.10239411 0.04944694 0.001)
(0.10509254 0.04569254 0.001)
(0.10758694 0.041734115 0.001)
(0.10986193 0.037588301 0.001)
(0.1119035 0.033272889 0.001)
(0.11369905 0.028806718 0.001)
(0.11523751 0.024209554 0.001)
(0.1165094 0.019501972 0.001)
(0.11750687 0.014705226 0.001)
(0.11822379 0.0098411225 0.001)
(0.11865572 0.0049318809 0.001)
(0.1188 0 0.001)
(0.075954333 0.070764618 0.001)
(0.079884286 0.069219463 0.001)
(0.083765628 0.067367404 0.001)
(0.087574431 0.065213199 0.001)
(0.091287212 0.062763472 0.001)
(0.094881081 0.060026668 0.001)
(0.098333881 0.057013 0.001)
(0.10162432 0.053734391 0.001)
(0.10473212 0.050204396 0.001)
(0.10763812 0.04643812 0.001)
(0.1103244 0.042452124 0.001)
(0.11277439 0.038264324 0.001)
(0.114973 0.033893881 0.001)
(0.11690667 0.029361081 0.001)
(0.11856347 0.024687212 0.001)
(0.1199332 0.019894431 0.001)
(0.1210074 0.015005628 0.001)
(0.12177946 0.010044286 0.001)
(0.12224462 0.0050343333 0.001)
(0.1224 0 0.001)
(0.076236786 0.070933519 0.001)
(0.080447449 0.069535139 0.001)
(0.08460603 0.067807933 0.001)
(0.088686891 0.065756999 0.001)
(0.09266487 0.063389434 0.001)
(0.096515444 0.060714287 0.001)
(0.10021487 0.0577425 0.001)
(0.10374035 0.054486848 0.001)
(0.10707013 0.050961853 0.001)
(0.1101837 0.0471837 0.001)
(0.11306185 0.043170133 0.001)
(0.11568685 0.038940347 0.001)
(0.1180425 0.034514872 0.001)
(0.12011429 0.029915444 0.001)
(0.12188943 0.02516487 0.001)
(0.123357 0.020286891 0.001)
(0.12450793 0.01530603 0.001)
(0.12533514 0.010247449 0.001)
(0.12583352 0.0051367857 0.001)
(0.126 0 0.001)
(0.076519238 0.071102421 0.001)
(0.081010612 0.069850815 0.001)
(0.085446432 0.068248461 0.001)
(0.08979935 0.066300799 0.001)
(0.094042528 0.064015397 0.001)
(0.098149807 0.061401906 0.001)
(0.10209586 0.058472 0.001)
(0.10585637 0.055239305 0.001)
(0.10940814 0.05171931 0.001)
(0.11272928 0.04792928 0.001)
(0.11579931 0.043888141 0.001)
(0.1185993 0.03961637 0.001)
(0.121112 0.035135864 0.001)
(0.12332191 0.030469807 0.001)
(0.1252154 0.025642528 0.001)
(0.1267808 0.02067935 0.001)
(0.12800846 0.015606432 0.001)
(0.12889082 0.010450612 0.001)
(0.12942242 0.0052392381 0.001)
(0.1296 0 0.001)
(0.07680169 0.071271322 0.001)
(0.081573776 0.070166491 0.001)
(0.086286834 0.06868899 0.001)
(0.090911809 0.066844599 0.001)
(0.095420186 0.064641359 0.001)
(0.09978417 0.062089525 0.001)
(0.10397686 0.0592015 0.001)
(0.10797239 0.055991761 0.001)
(0.11174615 0.052476767 0.001)
(0.11527486 0.04867486 0.001)
(0.11853677 0.04460615 0.001)
(0.12151176 0.040292393 0.001)
(0.1241815 0.035756855 0.001)
(0.12652952 0.03102417 0.001)
(0.12854136 0.026120186 0.001)
(0.1302046 0.021071809 0.001)
(0.13150899 0.015906834 0.001)
(0.13244649 0.010653776 0.001)
(0.13301132 0.0053416904 0.001)
(0.1332 0 0.001)
(0.077084143 0.071440223 0.001)
(0.082136939 0.070482167 0.001)
(0.087127236 0.069129519 0.001)
(0.092024269 0.067388399 0.001)
(0.096797844 0.065267321 0.001)
(0.10141853 0.062777144 0.001)
(0.10585785 0.059931 0.001)
(0.11008842 0.056744218 0.001)
(0.11408416 0.053234224 0.001)
(0.11782044 0.04942044 0.001)
(0.12127422 0.045324159 0.001)
(0.12442422 0.040968416 0.001)
(0.127251 0.036377847 0.001)
(0.12973714 0.031578533 0.001)
(0.13186732 0.026597844 0.001)
(0.1336284 0.021464269 0.001)
(0.13500952 0.016207236 0.001)
(0.13600217 0.010856939 0.001)
(0.13660022 0.0054441428 0.001)
(0.1368 0 0.001)
(0.077366595 0.071609125 0.001)
(0.082700102 0.070797843 0.001)
(0.087967638 0.069570048 0.001)
(0.093136728 0.067932199 0.001)
(0.098175502 0.065893283 0.001)
(0.1030529 0.063464763 0.001)
(0.10773884 0.0606605 0.001)
(0.11220444 0.057496674 0.001)
(0.11642217 0.053991681 0.001)
(0.12036602 0.05016602 0.001)
(0.12401168 0.046042168 0.001)
(0.12733667 0.04164444 0.001)
(0.1303205 0.036998838 0.001)
(0.13294476 0.032132896 0.001)
(0.13519328 0.027075502 0.001)
(0.1370522 0.021856728 0.001)
(0.13851005 0.016507638 0.001)
(0.13955784 0.011060102 0.001)
(0.14018912 0.0055465952 0.001)
(0.1404 0 0.001)
(0.077649048 0.071778026 0.001)
(0.083263265 0.071113519 0.001)
(0.08880804 0.070010577 0.001)
(0.094249187 0.068475999 0.001)
(0.09955316 0.066519246 0.001)
(0.10468726 0.064152382 0.001)
(0.10961983 0.06139 0.001)
(0.11432046 0.058249131 0.001)
(0.11876018 0.054749138 0.001)
(0.1229116 0.0509116 0.001)
(0.12674914 0.046760177 0.001)
(0.13024913 0.042320463 0.001)
(0.13339 0.03761983 0.001)
(0.13615238 0.032687259 0.001)
(0.13851925 0.02755316 0.001)
(0.140476 0.022249187 0.001)
(0.14201058 0.01680804 0.001)
(0.14311352 0.011263265 0.001)
(0.14377803 0.0056490476 0.001)
(0.144 0 0.001)
)


// ************************************************************************* //
