/*--------------------------------*- C++ -*----------------------------------*\
  =========                 |
  \\      /  F ield         | OpenFOAM: The Open Source CFD Toolbox
   \\    /   O peration     | Website:  https://openfoam.org
    \\  /    A nd           | Version:  dev
     \\/     M anipulation  |
\*---------------------------------------------------------------------------*/
FoamFile
{
    version     2.0;
    format      ascii;
    class       faceList;
    location    "constant/polyMesh";
    object      faces;
}
// * * * * * * * * * * * * * * * * * * * * * * * * * * * * * * * * * * * * * //


3220
(
4(1 21 442 422)
4(0 421 442 21)
4(2 22 443 423)
4(21 442 443 22)
4(3 23 444 424)
4(22 443 444 23)
4(4 24 445 425)
4(23 444 445 24)
4(5 25 446 426)
4(24 445 446 25)
4(6 26 447 427)
4(25 446 447 26)
4(7 27 448 428)
4(26 447 448 27)
4(8 28 449 429)
4(27 448 449 28)
4(9 29 450 430)
4(28 449 450 29)
4(10 30 451 431)
4(29 450 451 30)
4(11 31 452 432)
4(30 451 452 31)
4(12 32 453 433)
4(31 452 453 32)
4(13 33 454 434)
4(32 453 454 33)
4(14 34 455 435)
4(33 454 455 34)
4(15 35 456 436)
4(34 455 456 35)
4(16 36 457 437)
4(35 456 457 36)
4(17 37 458 438)
4(36 457 458 37)
4(18 38 459 439)
4(37 458 459 38)
4(19 39 460 440)
4(38 459 460 39)
4(39 460 461 40)
4(21 41 462 442)
4(0 421 462 41)
4(22 42 463 443)
4(41 462 463 42)
4(23 43 464 444)
4(42 463 464 43)
4(24 44 465 445)
4(43 464 465 44)
4(25 45 466 446)
4(44 465 466 45)
4(26 46 467 447)
4(45 466 467 46)
4(27 47 468 448)
4(46 467 468 47)
4(28 48 469 449)
4(47 468 469 48)
4(29 49 470 450)
4(48 469 470 49)
4(30 50 471 451)
4(49 470 471 50)
4(31 51 472 452)
4(50 471 472 51)
4(32 52 473 453)
4(51 472 473 52)
4(33 53 474 454)
4(52 473 474 53)
4(34 54 475 455)
4(53 474 475 54)
4(35 55 476 456)
4(54 475 476 55)
4(36 56 477 457)
4(55 476 477 56)
4(37 57 478 458)
4(56 477 478 57)
4(38 58 479 459)
4(57 478 479 58)
4(39 59 480 460)
4(58 479 480 59)
4(59 480 481 60)
4(41 61 482 462)
4(0 421 482 61)
4(42 62 483 463)
4(61 482 483 62)
4(43 63 484 464)
4(62 483 484 63)
4(44 64 485 465)
4(63 484 485 64)
4(45 65 486 466)
4(64 485 486 65)
4(46 66 487 467)
4(65 486 487 66)
4(47 67 488 468)
4(66 487 488 67)
4(48 68 489 469)
4(67 488 489 68)
4(49 69 490 470)
4(68 489 490 69)
4(50 70 491 471)
4(69 490 491 70)
4(51 71 492 472)
4(70 491 492 71)
4(52 72 493 473)
4(71 492 493 72)
4(53 73 494 474)
4(72 493 494 73)
4(54 74 495 475)
4(73 494 495 74)
4(55 75 496 476)
4(74 495 496 75)
4(56 76 497 477)
4(75 496 497 76)
4(57 77 498 478)
4(76 497 498 77)
4(58 78 499 479)
4(77 498 499 78)
4(59 79 500 480)
4(78 499 500 79)
4(79 500 501 80)
4(61 81 502 482)
4(0 421 502 81)
4(62 82 503 483)
4(81 502 503 82)
4(63 83 504 484)
4(82 503 504 83)
4(64 84 505 485)
4(83 504 505 84)
4(65 85 506 486)
4(84 505 506 85)
4(66 86 507 487)
4(85 506 507 86)
4(67 87 508 488)
4(86 507 508 87)
4(68 88 509 489)
4(87 508 509 88)
4(69 89 510 490)
4(88 509 510 89)
4(70 90 511 491)
4(89 510 511 90)
4(71 91 512 492)
4(90 511 512 91)
4(72 92 513 493)
4(91 512 513 92)
4(73 93 514 494)
4(92 513 514 93)
4(74 94 515 495)
4(93 514 515 94)
4(75 95 516 496)
4(94 515 516 95)
4(76 96 517 497)
4(95 516 517 96)
4(77 97 518 498)
4(96 517 518 97)
4(78 98 519 499)
4(97 518 519 98)
4(79 99 520 500)
4(98 519 520 99)
4(99 520 521 100)
4(81 101 522 502)
4(0 421 522 101)
4(82 102 523 503)
4(101 522 523 102)
4(83 103 524 504)
4(102 523 524 103)
4(84 104 525 505)
4(103 524 525 104)
4(85 105 526 506)
4(104 525 526 105)
4(86 106 527 507)
4(105 526 527 106)
4(87 107 528 508)
4(106 527 528 107)
4(88 108 529 509)
4(107 528 529 108)
4(89 109 530 510)
4(108 529 530 109)
4(90 110 531 511)
4(109 530 531 110)
4(91 111 532 512)
4(110 531 532 111)
4(92 112 533 513)
4(111 532 533 112)
4(93 113 534 514)
4(112 533 534 113)
4(94 114 535 515)
4(113 534 535 114)
4(95 115 536 516)
4(114 535 536 115)
4(96 116 537 517)
4(115 536 537 116)
4(97 117 538 518)
4(116 537 538 117)
4(98 118 539 519)
4(117 538 539 118)
4(99 119 540 520)
4(118 539 540 119)
4(119 540 541 120)
4(101 121 542 522)
4(0 421 542 121)
4(102 122 543 523)
4(121 542 543 122)
4(103 123 544 524)
4(122 543 544 123)
4(104 124 545 525)
4(123 544 545 124)
4(105 125 546 526)
4(124 545 546 125)
4(106 126 547 527)
4(125 546 547 126)
4(107 127 548 528)
4(126 547 548 127)
4(108 128 549 529)
4(127 548 549 128)
4(109 129 550 530)
4(128 549 550 129)
4(110 130 551 531)
4(129 550 551 130)
4(111 131 552 532)
4(130 551 552 131)
4(112 132 553 533)
4(131 552 553 132)
4(113 133 554 534)
4(132 553 554 133)
4(114 134 555 535)
4(133 554 555 134)
4(115 135 556 536)
4(134 555 556 135)
4(116 136 557 537)
4(135 556 557 136)
4(117 137 558 538)
4(136 557 558 137)
4(118 138 559 539)
4(137 558 559 138)
4(119 139 560 540)
4(138 559 560 139)
4(139 560 561 140)
4(121 141 562 542)
4(0 421 562 141)
4(122 142 563 543)
4(141 562 563 142)
4(123 143 564 544)
4(142 563 564 143)
4(124 144 565 545)
4(143 564 565 144)
4(125 145 566 546)
4(144 565 566 145)
4(126 146 567 547)
4(145 566 567 146)
4(127 147 568 548)
4(146 567 568 147)
4(128 148 569 549)
4(147 568 569 148)
4(129 149 570 550)
4(148 569 570 149)
4(130 150 571 551)
4(149 570 571 150)
4(131 151 572 552)
4(150 571 572 151)
4(132 152 573 553)
4(151 572 573 152)
4(133 153 574 554)
4(152 573 574 153)
4(134 154 575 555)
4(153 574 575 154)
4(135 155 576 556)
4(154 575 576 155)
4(136 156 577 557)
4(155 576 577 156)
4(137 157 578 558)
4(156 577 578 157)
4(138 158 579 559)
4(157 578 579 158)
4(139 159 580 560)
4(158 579 580 159)
4(159 580 581 160)
4(141 161 582 562)
4(0 421 582 161)
4(142 162 583 563)
4(161 582 583 162)
4(143 163 584 564)
4(162 583 584 163)
4(144 164 585 565)
4(163 584 585 164)
4(145 165 586 566)
4(164 585 586 165)
4(146 166 587 567)
4(165 586 587 166)
4(147 167 588 568)
4(166 587 588 167)
4(148 168 589 569)
4(167 588 589 168)
4(149 169 590 570)
4(168 589 590 169)
4(150 170 591 571)
4(169 590 591 170)
4(151 171 592 572)
4(170 591 592 171)
4(152 172 593 573)
4(171 592 593 172)
4(153 173 594 574)
4(172 593 594 173)
4(154 174 595 575)
4(173 594 595 174)
4(155 175 596 576)
4(174 595 596 175)
4(156 176 597 577)
4(175 596 597 176)
4(157 177 598 578)
4(176 597 598 177)
4(158 178 599 579)
4(177 598 599 178)
4(159 179 600 580)
4(178 599 600 179)
4(179 600 601 180)
4(161 181 602 582)
4(0 421 602 181)
4(162 182 603 583)
4(181 602 603 182)
4(163 183 604 584)
4(182 603 604 183)
4(164 184 605 585)
4(183 604 605 184)
4(165 185 606 586)
4(184 605 606 185)
4(166 186 607 587)
4(185 606 607 186)
4(167 187 608 588)
4(186 607 608 187)
4(168 188 609 589)
4(187 608 609 188)
4(169 189 610 590)
4(188 609 610 189)
4(170 190 611 591)
4(189 610 611 190)
4(171 191 612 592)
4(190 611 612 191)
4(172 192 613 593)
4(191 612 613 192)
4(173 193 614 594)
4(192 613 614 193)
4(174 194 615 595)
4(193 614 615 194)
4(175 195 616 596)
4(194 615 616 195)
4(176 196 617 597)
4(195 616 617 196)
4(177 197 618 598)
4(196 617 618 197)
4(178 198 619 599)
4(197 618 619 198)
4(179 199 620 600)
4(198 619 620 199)
4(199 620 621 200)
4(181 201 622 602)
4(0 421 622 201)
4(182 202 623 603)
4(201 622 623 202)
4(183 203 624 604)
4(202 623 624 203)
4(184 204 625 605)
4(203 624 625 204)
4(185 205 626 606)
4(204 625 626 205)
4(186 206 627 607)
4(205 626 627 206)
4(187 207 628 608)
4(206 627 628 207)
4(188 208 629 609)
4(207 628 629 208)
4(189 209 630 610)
4(208 629 630 209)
4(190 210 631 611)
4(209 630 631 210)
4(191 211 632 612)
4(210 631 632 211)
4(192 212 633 613)
4(211 632 633 212)
4(193 213 634 614)
4(212 633 634 213)
4(194 214 635 615)
4(213 634 635 214)
4(195 215 636 616)
4(214 635 636 215)
4(196 216 637 617)
4(215 636 637 216)
4(197 217 638 618)
4(216 637 638 217)
4(198 218 639 619)
4(217 638 639 218)
4(199 219 640 620)
4(218 639 640 219)
4(219 640 641 220)
4(201 221 642 622)
4(0 421 642 221)
4(202 222 643 623)
4(221 642 643 222)
4(203 223 644 624)
4(222 643 644 223)
4(204 224 645 625)
4(223 644 645 224)
4(205 225 646 626)
4(224 645 646 225)
4(206 226 647 627)
4(225 646 647 226)
4(207 227 648 628)
4(226 647 648 227)
4(208 228 649 629)
4(227 648 649 228)
4(209 229 650 630)
4(228 649 650 229)
4(210 230 651 631)
4(229 650 651 230)
4(211 231 652 632)
4(230 651 652 231)
4(212 232 653 633)
4(231 652 653 232)
4(213 233 654 634)
4(232 653 654 233)
4(214 234 655 635)
4(233 654 655 234)
4(215 235 656 636)
4(234 655 656 235)
4(216 236 657 637)
4(235 656 657 236)
4(217 237 658 638)
4(236 657 658 237)
4(218 238 659 639)
4(237 658 659 238)
4(219 239 660 640)
4(238 659 660 239)
4(239 660 661 240)
4(221 241 662 642)
4(0 421 662 241)
4(222 242 663 643)
4(241 662 663 242)
4(223 243 664 644)
4(242 663 664 243)
4(224 244 665 645)
4(243 664 665 244)
4(225 245 666 646)
4(244 665 666 245)
4(226 246 667 647)
4(245 666 667 246)
4(227 247 668 648)
4(246 667 668 247)
4(228 248 669 649)
4(247 668 669 248)
4(229 249 670 650)
4(248 669 670 249)
4(230 250 671 651)
4(249 670 671 250)
4(231 251 672 652)
4(250 671 672 251)
4(232 252 673 653)
4(251 672 673 252)
4(233 253 674 654)
4(252 673 674 253)
4(234 254 675 655)
4(253 674 675 254)
4(235 255 676 656)
4(254 675 676 255)
4(236 256 677 657)
4(255 676 677 256)
4(237 257 678 658)
4(256 677 678 257)
4(238 258 679 659)
4(257 678 679 258)
4(239 259 680 660)
4(258 679 680 259)
4(259 680 681 260)
4(241 261 682 662)
4(0 421 682 261)
4(242 262 683 663)
4(261 682 683 262)
4(243 263 684 664)
4(262 683 684 263)
4(244 264 685 665)
4(263 684 685 264)
4(245 265 686 666)
4(264 685 686 265)
4(246 266 687 667)
4(265 686 687 266)
4(247 267 688 668)
4(266 687 688 267)
4(248 268 689 669)
4(267 688 689 268)
4(249 269 690 670)
4(268 689 690 269)
4(250 270 691 671)
4(269 690 691 270)
4(251 271 692 672)
4(270 691 692 271)
4(252 272 693 673)
4(271 692 693 272)
4(253 273 694 674)
4(272 693 694 273)
4(254 274 695 675)
4(273 694 695 274)
4(255 275 696 676)
4(274 695 696 275)
4(256 276 697 677)
4(275 696 697 276)
4(257 277 698 678)
4(276 697 698 277)
4(258 278 699 679)
4(277 698 699 278)
4(259 279 700 680)
4(278 699 700 279)
4(279 700 701 280)
4(261 281 702 682)
4(0 421 702 281)
4(262 282 703 683)
4(281 702 703 282)
4(263 283 704 684)
4(282 703 704 283)
4(264 284 705 685)
4(283 704 705 284)
4(265 285 706 686)
4(284 705 706 285)
4(266 286 707 687)
4(285 706 707 286)
4(267 287 708 688)
4(286 707 708 287)
4(268 288 709 689)
4(287 708 709 288)
4(269 289 710 690)
4(288 709 710 289)
4(270 290 711 691)
4(289 710 711 290)
4(271 291 712 692)
4(290 711 712 291)
4(272 292 713 693)
4(291 712 713 292)
4(273 293 714 694)
4(292 713 714 293)
4(274 294 715 695)
4(293 714 715 294)
4(275 295 716 696)
4(294 715 716 295)
4(276 296 717 697)
4(295 716 717 296)
4(277 297 718 698)
4(296 717 718 297)
4(278 298 719 699)
4(297 718 719 298)
4(279 299 720 700)
4(298 719 720 299)
4(299 720 721 300)
4(281 301 722 702)
4(0 421 722 301)
4(282 302 723 703)
4(301 722 723 302)
4(283 303 724 704)
4(302 723 724 303)
4(284 304 725 705)
4(303 724 725 304)
4(285 305 726 706)
4(304 725 726 305)
4(286 306 727 707)
4(305 726 727 306)
4(287 307 728 708)
4(306 727 728 307)
4(288 308 729 709)
4(307 728 729 308)
4(289 309 730 710)
4(308 729 730 309)
4(290 310 731 711)
4(309 730 731 310)
4(291 311 732 712)
4(310 731 732 311)
4(292 312 733 713)
4(311 732 733 312)
4(293 313 734 714)
4(312 733 734 313)
4(294 314 735 715)
4(313 734 735 314)
4(295 315 736 716)
4(314 735 736 315)
4(296 316 737 717)
4(315 736 737 316)
4(297 317 738 718)
4(316 737 738 317)
4(298 318 739 719)
4(317 738 739 318)
4(299 319 740 720)
4(318 739 740 319)
4(319 740 741 320)
4(301 321 742 722)
4(0 421 742 321)
4(302 322 743 723)
4(321 742 743 322)
4(303 323 744 724)
4(322 743 744 323)
4(304 324 745 725)
4(323 744 745 324)
4(305 325 746 726)
4(324 745 746 325)
4(306 326 747 727)
4(325 746 747 326)
4(307 327 748 728)
4(326 747 748 327)
4(308 328 749 729)
4(327 748 749 328)
4(309 329 750 730)
4(328 749 750 329)
4(310 330 751 731)
4(329 750 751 330)
4(311 331 752 732)
4(330 751 752 331)
4(312 332 753 733)
4(331 752 753 332)
4(313 333 754 734)
4(332 753 754 333)
4(314 334 755 735)
4(333 754 755 334)
4(315 335 756 736)
4(334 755 756 335)
4(316 336 757 737)
4(335 756 757 336)
4(317 337 758 738)
4(336 757 758 337)
4(318 338 759 739)
4(337 758 759 338)
4(319 339 760 740)
4(338 759 760 339)
4(339 760 761 340)
4(321 341 762 742)
4(0 421 762 341)
4(322 342 763 743)
4(341 762 763 342)
4(323 343 764 744)
4(342 763 764 343)
4(324 344 765 745)
4(343 764 765 344)
4(325 345 766 746)
4(344 765 766 345)
4(326 346 767 747)
4(345 766 767 346)
4(327 347 768 748)
4(346 767 768 347)
4(328 348 769 749)
4(347 768 769 348)
4(329 349 770 750)
4(348 769 770 349)
4(330 350 771 751)
4(349 770 771 350)
4(331 351 772 752)
4(350 771 772 351)
4(332 352 773 753)
4(351 772 773 352)
4(333 353 774 754)
4(352 773 774 353)
4(334 354 775 755)
4(353 774 775 354)
4(335 355 776 756)
4(354 775 776 355)
4(336 356 777 757)
4(355 776 777 356)
4(337 357 778 758)
4(356 777 778 357)
4(338 358 779 759)
4(357 778 779 358)
4(339 359 780 760)
4(358 779 780 359)
4(359 780 781 360)
4(341 361 782 762)
4(0 421 782 361)
4(342 362 783 763)
4(361 782 783 362)
4(343 363 784 764)
4(362 783 784 363)
4(344 364 785 765)
4(363 784 785 364)
4(345 365 786 766)
4(364 785 786 365)
4(346 366 787 767)
4(365 786 787 366)
4(347 367 788 768)
4(366 787 788 367)
4(348 368 789 769)
4(367 788 789 368)
4(349 369 790 770)
4(368 789 790 369)
4(350 370 791 771)
4(369 790 791 370)
4(351 371 792 772)
4(370 791 792 371)
4(352 372 793 773)
4(371 792 793 372)
4(353 373 794 774)
4(372 793 794 373)
4(354 374 795 775)
4(373 794 795 374)
4(355 375 796 776)
4(374 795 796 375)
4(356 376 797 777)
4(375 796 797 376)
4(357 377 798 778)
4(376 797 798 377)
4(358 378 799 779)
4(377 798 799 378)
4(359 379 800 780)
4(378 799 800 379)
4(379 800 801 380)
4(361 381 802 782)
4(0 421 802 381)
4(362 382 803 783)
4(381 802 803 382)
4(363 383 804 784)
4(382 803 804 383)
4(364 384 805 785)
4(383 804 805 384)
4(365 385 806 786)
4(384 805 806 385)
4(366 386 807 787)
4(385 806 807 386)
4(367 387 808 788)
4(386 807 808 387)
4(368 388 809 789)
4(387 808 809 388)
4(369 389 810 790)
4(388 809 810 389)
4(370 390 811 791)
4(389 810 811 390)
4(371 391 812 792)
4(390 811 812 391)
4(372 392 813 793)
4(391 812 813 392)
4(373 393 814 794)
4(392 813 814 393)
4(374 394 815 795)
4(393 814 815 394)
4(375 395 816 796)
4(394 815 816 395)
4(376 396 817 797)
4(395 816 817 396)
4(377 397 818 798)
4(396 817 818 397)
4(378 398 819 799)
4(397 818 819 398)
4(379 399 820 800)
4(398 819 820 399)
4(399 820 821 400)
4(381 401 822 802)
4(0 421 822 401)
4(382 402 823 803)
4(401 822 823 402)
4(383 403 824 804)
4(402 823 824 403)
4(384 404 825 805)
4(403 824 825 404)
4(385 405 826 806)
4(404 825 826 405)
4(386 406 827 807)
4(405 826 827 406)
4(387 407 828 808)
4(406 827 828 407)
4(388 408 829 809)
4(407 828 829 408)
4(389 409 830 810)
4(408 829 830 409)
4(390 410 831 811)
4(409 830 831 410)
4(391 411 832 812)
4(410 831 832 411)
4(392 412 833 813)
4(411 832 833 412)
4(393 413 834 814)
4(412 833 834 413)
4(394 414 835 815)
4(413 834 835 414)
4(395 415 836 816)
4(414 835 836 415)
4(396 416 837 817)
4(415 836 837 416)
4(397 417 838 818)
4(416 837 838 417)
4(398 418 839 819)
4(417 838 839 418)
4(399 419 840 820)
4(418 839 840 419)
4(419 840 841 420)
4(401 842 1242 822)
4(0 421 1242 842)
4(402 843 1243 823)
4(842 1242 1243 843)
4(403 844 1244 824)
4(843 1243 1244 844)
4(404 845 1245 825)
4(844 1244 1245 845)
4(405 846 1246 826)
4(845 1245 1246 846)
4(406 847 1247 827)
4(846 1246 1247 847)
4(407 848 1248 828)
4(847 1247 1248 848)
4(408 849 1249 829)
4(848 1248 1249 849)
4(409 850 1250 830)
4(849 1249 1250 850)
4(410 851 1251 831)
4(850 1250 1251 851)
4(411 852 1252 832)
4(851 1251 1252 852)
4(412 853 1253 833)
4(852 1252 1253 853)
4(413 854 1254 834)
4(853 1253 1254 854)
4(414 855 1255 835)
4(854 1254 1255 855)
4(415 856 1256 836)
4(855 1255 1256 856)
4(416 857 1257 837)
4(856 1256 1257 857)
4(417 858 1258 838)
4(857 1257 1258 858)
4(418 859 1259 839)
4(858 1258 1259 859)
4(419 860 1260 840)
4(859 1259 1260 860)
4(860 1260 1261 861)
4(842 862 1262 1242)
4(0 421 1262 862)
4(843 863 1263 1243)
4(862 1262 1263 863)
4(844 864 1264 1244)
4(863 1263 1264 864)
4(845 865 1265 1245)
4(864 1264 1265 865)
4(846 866 1266 1246)
4(865 1265 1266 866)
4(847 867 1267 1247)
4(866 1266 1267 867)
4(848 868 1268 1248)
4(867 1267 1268 868)
4(849 869 1269 1249)
4(868 1268 1269 869)
4(850 870 1270 1250)
4(869 1269 1270 870)
4(851 871 1271 1251)
4(870 1270 1271 871)
4(852 872 1272 1252)
4(871 1271 1272 872)
4(853 873 1273 1253)
4(872 1272 1273 873)
4(854 874 1274 1254)
4(873 1273 1274 874)
4(855 875 1275 1255)
4(874 1274 1275 875)
4(856 876 1276 1256)
4(875 1275 1276 876)
4(857 877 1277 1257)
4(876 1276 1277 877)
4(858 878 1278 1258)
4(877 1277 1278 878)
4(859 879 1279 1259)
4(878 1278 1279 879)
4(860 880 1280 1260)
4(879 1279 1280 880)
4(880 1280 1281 881)
4(862 882 1282 1262)
4(0 421 1282 882)
4(863 883 1283 1263)
4(882 1282 1283 883)
4(864 884 1284 1264)
4(883 1283 1284 884)
4(865 885 1285 1265)
4(884 1284 1285 885)
4(866 886 1286 1266)
4(885 1285 1286 886)
4(867 887 1287 1267)
4(886 1286 1287 887)
4(868 888 1288 1268)
4(887 1287 1288 888)
4(869 889 1289 1269)
4(888 1288 1289 889)
4(870 890 1290 1270)
4(889 1289 1290 890)
4(871 891 1291 1271)
4(890 1290 1291 891)
4(872 892 1292 1272)
4(891 1291 1292 892)
4(873 893 1293 1273)
4(892 1292 1293 893)
4(874 894 1294 1274)
4(893 1293 1294 894)
4(875 895 1295 1275)
4(894 1294 1295 895)
4(876 896 1296 1276)
4(895 1295 1296 896)
4(877 897 1297 1277)
4(896 1296 1297 897)
4(878 898 1298 1278)
4(897 1297 1298 898)
4(879 899 1299 1279)
4(898 1298 1299 899)
4(880 900 1300 1280)
4(899 1299 1300 900)
4(900 1300 1301 901)
4(882 902 1302 1282)
4(0 421 1302 902)
4(883 903 1303 1283)
4(902 1302 1303 903)
4(884 904 1304 1284)
4(903 1303 1304 904)
4(885 905 1305 1285)
4(904 1304 1305 905)
4(886 906 1306 1286)
4(905 1305 1306 906)
4(887 907 1307 1287)
4(906 1306 1307 907)
4(888 908 1308 1288)
4(907 1307 1308 908)
4(889 909 1309 1289)
4(908 1308 1309 909)
4(890 910 1310 1290)
4(909 1309 1310 910)
4(891 911 1311 1291)
4(910 1310 1311 911)
4(892 912 1312 1292)
4(911 1311 1312 912)
4(893 913 1313 1293)
4(912 1312 1313 913)
4(894 914 1314 1294)
4(913 1313 1314 914)
4(895 915 1315 1295)
4(914 1314 1315 915)
4(896 916 1316 1296)
4(915 1315 1316 916)
4(897 917 1317 1297)
4(916 1316 1317 917)
4(898 918 1318 1298)
4(917 1317 1318 918)
4(899 919 1319 1299)
4(918 1318 1319 919)
4(900 920 1320 1300)
4(919 1319 1320 920)
4(920 1320 1321 921)
4(902 922 1322 1302)
4(0 421 1322 922)
4(903 923 1323 1303)
4(922 1322 1323 923)
4(904 924 1324 1304)
4(923 1323 1324 924)
4(905 925 1325 1305)
4(924 1324 1325 925)
4(906 926 1326 1306)
4(925 1325 1326 926)
4(907 927 1327 1307)
4(926 1326 1327 927)
4(908 928 1328 1308)
4(927 1327 1328 928)
4(909 929 1329 1309)
4(928 1328 1329 929)
4(910 930 1330 1310)
4(929 1329 1330 930)
4(911 931 1331 1311)
4(930 1330 1331 931)
4(912 932 1332 1312)
4(931 1331 1332 932)
4(913 933 1333 1313)
4(932 1332 1333 933)
4(914 934 1334 1314)
4(933 1333 1334 934)
4(915 935 1335 1315)
4(934 1334 1335 935)
4(916 936 1336 1316)
4(935 1335 1336 936)
4(917 937 1337 1317)
4(936 1336 1337 937)
4(918 938 1338 1318)
4(937 1337 1338 938)
4(919 939 1339 1319)
4(938 1338 1339 939)
4(920 940 1340 1320)
4(939 1339 1340 940)
4(940 1340 1341 941)
4(922 942 1342 1322)
4(0 421 1342 942)
4(923 943 1343 1323)
4(942 1342 1343 943)
4(924 944 1344 1324)
4(943 1343 1344 944)
4(925 945 1345 1325)
4(944 1344 1345 945)
4(926 946 1346 1326)
4(945 1345 1346 946)
4(927 947 1347 1327)
4(946 1346 1347 947)
4(928 948 1348 1328)
4(947 1347 1348 948)
4(929 949 1349 1329)
4(948 1348 1349 949)
4(930 950 1350 1330)
4(949 1349 1350 950)
4(931 951 1351 1331)
4(950 1350 1351 951)
4(932 952 1352 1332)
4(951 1351 1352 952)
4(933 953 1353 1333)
4(952 1352 1353 953)
4(934 954 1354 1334)
4(953 1353 1354 954)
4(935 955 1355 1335)
4(954 1354 1355 955)
4(936 956 1356 1336)
4(955 1355 1356 956)
4(937 957 1357 1337)
4(956 1356 1357 957)
4(938 958 1358 1338)
4(957 1357 1358 958)
4(939 959 1359 1339)
4(958 1358 1359 959)
4(940 960 1360 1340)
4(959 1359 1360 960)
4(960 1360 1361 961)
4(942 962 1362 1342)
4(0 421 1362 962)
4(943 963 1363 1343)
4(962 1362 1363 963)
4(944 964 1364 1344)
4(963 1363 1364 964)
4(945 965 1365 1345)
4(964 1364 1365 965)
4(946 966 1366 1346)
4(965 1365 1366 966)
4(947 967 1367 1347)
4(966 1366 1367 967)
4(948 968 1368 1348)
4(967 1367 1368 968)
4(949 969 1369 1349)
4(968 1368 1369 969)
4(950 970 1370 1350)
4(969 1369 1370 970)
4(951 971 1371 1351)
4(970 1370 1371 971)
4(952 972 1372 1352)
4(971 1371 1372 972)
4(953 973 1373 1353)
4(972 1372 1373 973)
4(954 974 1374 1354)
4(973 1373 1374 974)
4(955 975 1375 1355)
4(974 1374 1375 975)
4(956 976 1376 1356)
4(975 1375 1376 976)
4(957 977 1377 1357)
4(976 1376 1377 977)
4(958 978 1378 1358)
4(977 1377 1378 978)
4(959 979 1379 1359)
4(978 1378 1379 979)
4(960 980 1380 1360)
4(979 1379 1380 980)
4(980 1380 1381 981)
4(962 982 1382 1362)
4(0 421 1382 982)
4(963 983 1383 1363)
4(982 1382 1383 983)
4(964 984 1384 1364)
4(983 1383 1384 984)
4(965 985 1385 1365)
4(984 1384 1385 985)
4(966 986 1386 1366)
4(985 1385 1386 986)
4(967 987 1387 1367)
4(986 1386 1387 987)
4(968 988 1388 1368)
4(987 1387 1388 988)
4(969 989 1389 1369)
4(988 1388 1389 989)
4(970 990 1390 1370)
4(989 1389 1390 990)
4(971 991 1391 1371)
4(990 1390 1391 991)
4(972 992 1392 1372)
4(991 1391 1392 992)
4(973 993 1393 1373)
4(992 1392 1393 993)
4(974 994 1394 1374)
4(993 1393 1394 994)
4(975 995 1395 1375)
4(994 1394 1395 995)
4(976 996 1396 1376)
4(995 1395 1396 996)
4(977 997 1397 1377)
4(996 1396 1397 997)
4(978 998 1398 1378)
4(997 1397 1398 998)
4(979 999 1399 1379)
4(998 1398 1399 999)
4(980 1000 1400 1380)
4(999 1399 1400 1000)
4(1000 1400 1401 1001)
4(982 1002 1402 1382)
4(0 421 1402 1002)
4(983 1003 1403 1383)
4(1002 1402 1403 1003)
4(984 1004 1404 1384)
4(1003 1403 1404 1004)
4(985 1005 1405 1385)
4(1004 1404 1405 1005)
4(986 1006 1406 1386)
4(1005 1405 1406 1006)
4(987 1007 1407 1387)
4(1006 1406 1407 1007)
4(988 1008 1408 1388)
4(1007 1407 1408 1008)
4(989 1009 1409 1389)
4(1008 1408 1409 1009)
4(990 1010 1410 1390)
4(1009 1409 1410 1010)
4(991 1011 1411 1391)
4(1010 1410 1411 1011)
4(992 1012 1412 1392)
4(1011 1411 1412 1012)
4(993 1013 1413 1393)
4(1012 1412 1413 1013)
4(994 1014 1414 1394)
4(1013 1413 1414 1014)
4(995 1015 1415 1395)
4(1014 1414 1415 1015)
4(996 1016 1416 1396)
4(1015 1415 1416 1016)
4(997 1017 1417 1397)
4(1016 1416 1417 1017)
4(998 1018 1418 1398)
4(1017 1417 1418 1018)
4(999 1019 1419 1399)
4(1018 1418 1419 1019)
4(1000 1020 1420 1400)
4(1019 1419 1420 1020)
4(1020 1420 1421 1021)
4(1002 1022 1422 1402)
4(0 421 1422 1022)
4(1003 1023 1423 1403)
4(1022 1422 1423 1023)
4(1004 1024 1424 1404)
4(1023 1423 1424 1024)
4(1005 1025 1425 1405)
4(1024 1424 1425 1025)
4(1006 1026 1426 1406)
4(1025 1425 1426 1026)
4(1007 1027 1427 1407)
4(1026 1426 1427 1027)
4(1008 1028 1428 1408)
4(1027 1427 1428 1028)
4(1009 1029 1429 1409)
4(1028 1428 1429 1029)
4(1010 1030 1430 1410)
4(1029 1429 1430 1030)
4(1011 1031 1431 1411)
4(1030 1430 1431 1031)
4(1012 1032 1432 1412)
4(1031 1431 1432 1032)
4(1013 1033 1433 1413)
4(1032 1432 1433 1033)
4(1014 1034 1434 1414)
4(1033 1433 1434 1034)
4(1015 1035 1435 1415)
4(1034 1434 1435 1035)
4(1016 1036 1436 1416)
4(1035 1435 1436 1036)
4(1017 1037 1437 1417)
4(1036 1436 1437 1037)
4(1018 1038 1438 1418)
4(1037 1437 1438 1038)
4(1019 1039 1439 1419)
4(1038 1438 1439 1039)
4(1020 1040 1440 1420)
4(1039 1439 1440 1040)
4(1040 1440 1441 1041)
4(1022 1042 1442 1422)
4(0 421 1442 1042)
4(1023 1043 1443 1423)
4(1042 1442 1443 1043)
4(1024 1044 1444 1424)
4(1043 1443 1444 1044)
4(1025 1045 1445 1425)
4(1044 1444 1445 1045)
4(1026 1046 1446 1426)
4(1045 1445 1446 1046)
4(1027 1047 1447 1427)
4(1046 1446 1447 1047)
4(1028 1048 1448 1428)
4(1047 1447 1448 1048)
4(1029 1049 1449 1429)
4(1048 1448 1449 1049)
4(1030 1050 1450 1430)
4(1049 1449 1450 1050)
4(1031 1051 1451 1431)
4(1050 1450 1451 1051)
4(1032 1052 1452 1432)
4(1051 1451 1452 1052)
4(1033 1053 1453 1433)
4(1052 1452 1453 1053)
4(1034 1054 1454 1434)
4(1053 1453 1454 1054)
4(1035 1055 1455 1435)
4(1054 1454 1455 1055)
4(1036 1056 1456 1436)
4(1055 1455 1456 1056)
4(1037 1057 1457 1437)
4(1056 1456 1457 1057)
4(1038 1058 1458 1438)
4(1057 1457 1458 1058)
4(1039 1059 1459 1439)
4(1058 1458 1459 1059)
4(1040 1060 1460 1440)
4(1059 1459 1460 1060)
4(1060 1460 1461 1061)
4(1042 1062 1462 1442)
4(0 421 1462 1062)
4(1043 1063 1463 1443)
4(1062 1462 1463 1063)
4(1044 1064 1464 1444)
4(1063 1463 1464 1064)
4(1045 1065 1465 1445)
4(1064 1464 1465 1065)
4(1046 1066 1466 1446)
4(1065 1465 1466 1066)
4(1047 1067 1467 1447)
4(1066 1466 1467 1067)
4(1048 1068 1468 1448)
4(1067 1467 1468 1068)
4(1049 1069 1469 1449)
4(1068 1468 1469 1069)
4(1050 1070 1470 1450)
4(1069 1469 1470 1070)
4(1051 1071 1471 1451)
4(1070 1470 1471 1071)
4(1052 1072 1472 1452)
4(1071 1471 1472 1072)
4(1053 1073 1473 1453)
4(1072 1472 1473 1073)
4(1054 1074 1474 1454)
4(1073 1473 1474 1074)
4(1055 1075 1475 1455)
4(1074 1474 1475 1075)
4(1056 1076 1476 1456)
4(1075 1475 1476 1076)
4(1057 1077 1477 1457)
4(1076 1476 1477 1077)
4(1058 1078 1478 1458)
4(1077 1477 1478 1078)
4(1059 1079 1479 1459)
4(1078 1478 1479 1079)
4(1060 1080 1480 1460)
4(1079 1479 1480 1080)
4(1080 1480 1481 1081)
4(1062 1082 1482 1462)
4(0 421 1482 1082)
4(1063 1083 1483 1463)
4(1082 1482 1483 1083)
4(1064 1084 1484 1464)
4(1083 1483 1484 1084)
4(1065 1085 1485 1465)
4(1084 1484 1485 1085)
4(1066 1086 1486 1466)
4(1085 1485 1486 1086)
4(1067 1087 1487 1467)
4(1086 1486 1487 1087)
4(1068 1088 1488 1468)
4(1087 1487 1488 1088)
4(1069 1089 1489 1469)
4(1088 1488 1489 1089)
4(1070 1090 1490 1470)
4(1089 1489 1490 1090)
4(1071 1091 1491 1471)
4(1090 1490 1491 1091)
4(1072 1092 1492 1472)
4(1091 1491 1492 1092)
4(1073 1093 1493 1473)
4(1092 1492 1493 1093)
4(1074 1094 1494 1474)
4(1093 1493 1494 1094)
4(1075 1095 1495 1475)
4(1094 1494 1495 1095)
4(1076 1096 1496 1476)
4(1095 1495 1496 1096)
4(1077 1097 1497 1477)
4(1096 1496 1497 1097)
4(1078 1098 1498 1478)
4(1097 1497 1498 1098)
4(1079 1099 1499 1479)
4(1098 1498 1499 1099)
4(1080 1100 1500 1480)
4(1099 1499 1500 1100)
4(1100 1500 1501 1101)
4(1082 1102 1502 1482)
4(0 421 1502 1102)
4(1083 1103 1503 1483)
4(1102 1502 1503 1103)
4(1084 1104 1504 1484)
4(1103 1503 1504 1104)
4(1085 1105 1505 1485)
4(1104 1504 1505 1105)
4(1086 1106 1506 1486)
4(1105 1505 1506 1106)
4(1087 1107 1507 1487)
4(1106 1506 1507 1107)
4(1088 1108 1508 1488)
4(1107 1507 1508 1108)
4(1089 1109 1509 1489)
4(1108 1508 1509 1109)
4(1090 1110 1510 1490)
4(1109 1509 1510 1110)
4(1091 1111 1511 1491)
4(1110 1510 1511 1111)
4(1092 1112 1512 1492)
4(1111 1511 1512 1112)
4(1093 1113 1513 1493)
4(1112 1512 1513 1113)
4(1094 1114 1514 1494)
4(1113 1513 1514 1114)
4(1095 1115 1515 1495)
4(1114 1514 1515 1115)
4(1096 1116 1516 1496)
4(1115 1515 1516 1116)
4(1097 1117 1517 1497)
4(1116 1516 1517 1117)
4(1098 1118 1518 1498)
4(1117 1517 1518 1118)
4(1099 1119 1519 1499)
4(1118 1518 1519 1119)
4(1100 1120 1520 1500)
4(1119 1519 1520 1120)
4(1120 1520 1521 1121)
4(1102 1122 1522 1502)
4(0 421 1522 1122)
4(1103 1123 1523 1503)
4(1122 1522 1523 1123)
4(1104 1124 1524 1504)
4(1123 1523 1524 1124)
4(1105 1125 1525 1505)
4(1124 1524 1525 1125)
4(1106 1126 1526 1506)
4(1125 1525 1526 1126)
4(1107 1127 1527 1507)
4(1126 1526 1527 1127)
4(1108 1128 1528 1508)
4(1127 1527 1528 1128)
4(1109 1129 1529 1509)
4(1128 1528 1529 1129)
4(1110 1130 1530 1510)
4(1129 1529 1530 1130)
4(1111 1131 1531 1511)
4(1130 1530 1531 1131)
4(1112 1132 1532 1512)
4(1131 1531 1532 1132)
4(1113 1133 1533 1513)
4(1132 1532 1533 1133)
4(1114 1134 1534 1514)
4(1133 1533 1534 1134)
4(1115 1135 1535 1515)
4(1134 1534 1535 1135)
4(1116 1136 1536 1516)
4(1135 1535 1536 1136)
4(1117 1137 1537 1517)
4(1136 1536 1537 1137)
4(1118 1138 1538 1518)
4(1137 1537 1538 1138)
4(1119 1139 1539 1519)
4(1138 1538 1539 1139)
4(1120 1140 1540 1520)
4(1139 1539 1540 1140)
4(1140 1540 1541 1141)
4(1122 1142 1542 1522)
4(0 421 1542 1142)
4(1123 1143 1543 1523)
4(1142 1542 1543 1143)
4(1124 1144 1544 1524)
4(1143 1543 1544 1144)
4(1125 1145 1545 1525)
4(1144 1544 1545 1145)
4(1126 1146 1546 1526)
4(1145 1545 1546 1146)
4(1127 1147 1547 1527)
4(1146 1546 1547 1147)
4(1128 1148 1548 1528)
4(1147 1547 1548 1148)
4(1129 1149 1549 1529)
4(1148 1548 1549 1149)
4(1130 1150 1550 1530)
4(1149 1549 1550 1150)
4(1131 1151 1551 1531)
4(1150 1550 1551 1151)
4(1132 1152 1552 1532)
4(1151 1551 1552 1152)
4(1133 1153 1553 1533)
4(1152 1552 1553 1153)
4(1134 1154 1554 1534)
4(1153 1553 1554 1154)
4(1135 1155 1555 1535)
4(1154 1554 1555 1155)
4(1136 1156 1556 1536)
4(1155 1555 1556 1156)
4(1137 1157 1557 1537)
4(1156 1556 1557 1157)
4(1138 1158 1558 1538)
4(1157 1557 1558 1158)
4(1139 1159 1559 1539)
4(1158 1558 1559 1159)
4(1140 1160 1560 1540)
4(1159 1559 1560 1160)
4(1160 1560 1561 1161)
4(1142 1162 1562 1542)
4(0 421 1562 1162)
4(1143 1163 1563 1543)
4(1162 1562 1563 1163)
4(1144 1164 1564 1544)
4(1163 1563 1564 1164)
4(1145 1165 1565 1545)
4(1164 1564 1565 1165)
4(1146 1166 1566 1546)
4(1165 1565 1566 1166)
4(1147 1167 1567 1547)
4(1166 1566 1567 1167)
4(1148 1168 1568 1548)
4(1167 1567 1568 1168)
4(1149 1169 1569 1549)
4(1168 1568 1569 1169)
4(1150 1170 1570 1550)
4(1169 1569 1570 1170)
4(1151 1171 1571 1551)
4(1170 1570 1571 1171)
4(1152 1172 1572 1552)
4(1171 1571 1572 1172)
4(1153 1173 1573 1553)
4(1172 1572 1573 1173)
4(1154 1174 1574 1554)
4(1173 1573 1574 1174)
4(1155 1175 1575 1555)
4(1174 1574 1575 1175)
4(1156 1176 1576 1556)
4(1175 1575 1576 1176)
4(1157 1177 1577 1557)
4(1176 1576 1577 1177)
4(1158 1178 1578 1558)
4(1177 1577 1578 1178)
4(1159 1179 1579 1559)
4(1178 1578 1579 1179)
4(1160 1180 1580 1560)
4(1179 1579 1580 1180)
4(1180 1580 1581 1181)
4(1162 1182 1582 1562)
4(0 421 1582 1182)
4(1163 1183 1583 1563)
4(1182 1582 1583 1183)
4(1164 1184 1584 1564)
4(1183 1583 1584 1184)
4(1165 1185 1585 1565)
4(1184 1584 1585 1185)
4(1166 1186 1586 1566)
4(1185 1585 1586 1186)
4(1167 1187 1587 1567)
4(1186 1586 1587 1187)
4(1168 1188 1588 1568)
4(1187 1587 1588 1188)
4(1169 1189 1589 1569)
4(1188 1588 1589 1189)
4(1170 1190 1590 1570)
4(1189 1589 1590 1190)
4(1171 1191 1591 1571)
4(1190 1590 1591 1191)
4(1172 1192 1592 1572)
4(1191 1591 1592 1192)
4(1173 1193 1593 1573)
4(1192 1592 1593 1193)
4(1174 1194 1594 1574)
4(1193 1593 1594 1194)
4(1175 1195 1595 1575)
4(1194 1594 1595 1195)
4(1176 1196 1596 1576)
4(1195 1595 1596 1196)
4(1177 1197 1597 1577)
4(1196 1596 1597 1197)
4(1178 1198 1598 1578)
4(1197 1597 1598 1198)
4(1179 1199 1599 1579)
4(1198 1598 1599 1199)
4(1180 1200 1600 1580)
4(1199 1599 1600 1200)
4(1200 1600 1601 1201)
4(1182 1202 1602 1582)
4(0 421 1602 1202)
4(1183 1203 1603 1583)
4(1202 1602 1603 1203)
4(1184 1204 1604 1584)
4(1203 1603 1604 1204)
4(1185 1205 1605 1585)
4(1204 1604 1605 1205)
4(1186 1206 1606 1586)
4(1205 1605 1606 1206)
4(1187 1207 1607 1587)
4(1206 1606 1607 1207)
4(1188 1208 1608 1588)
4(1207 1607 1608 1208)
4(1189 1209 1609 1589)
4(1208 1608 1609 1209)
4(1190 1210 1610 1590)
4(1209 1609 1610 1210)
4(1191 1211 1611 1591)
4(1210 1610 1611 1211)
4(1192 1212 1612 1592)
4(1211 1611 1612 1212)
4(1193 1213 1613 1593)
4(1212 1612 1613 1213)
4(1194 1214 1614 1594)
4(1213 1613 1614 1214)
4(1195 1215 1615 1595)
4(1214 1614 1615 1215)
4(1196 1216 1616 1596)
4(1215 1615 1616 1216)
4(1197 1217 1617 1597)
4(1216 1616 1617 1217)
4(1198 1218 1618 1598)
4(1217 1617 1618 1218)
4(1199 1219 1619 1599)
4(1218 1618 1619 1219)
4(1200 1220 1620 1600)
4(1219 1619 1620 1220)
4(1220 1620 1621 1221)
4(1202 1222 1622 1602)
4(1203 1223 1623 1603)
4(1204 1224 1624 1604)
4(1205 1225 1625 1605)
4(1206 1226 1626 1606)
4(1207 1227 1627 1607)
4(1208 1228 1628 1608)
4(1209 1229 1629 1609)
4(1210 1230 1630 1610)
4(1211 1231 1631 1611)
4(1212 1232 1632 1612)
4(1213 1233 1633 1613)
4(1214 1234 1634 1614)
4(1215 1235 1635 1615)
4(1216 1236 1636 1616)
4(1217 1237 1637 1617)
4(1218 1238 1638 1618)
4(1219 1239 1639 1619)
4(1220 1240 1640 1620)
4(20 40 461 441)
4(40 60 481 461)
4(60 80 501 481)
4(80 100 521 501)
4(100 120 541 521)
4(120 140 561 541)
4(140 160 581 561)
4(160 180 601 581)
4(180 200 621 601)
4(200 220 641 621)
4(220 240 661 641)
4(240 260 681 661)
4(260 280 701 681)
4(280 300 721 701)
4(300 320 741 721)
4(320 340 761 741)
4(340 360 781 761)
4(360 380 801 781)
4(380 400 821 801)
4(400 420 841 821)
4(420 861 1261 841)
4(861 881 1281 1261)
4(881 901 1301 1281)
4(901 921 1321 1301)
4(921 941 1341 1321)
4(941 961 1361 1341)
4(961 981 1381 1361)
4(981 1001 1401 1381)
4(1001 1021 1421 1401)
4(1021 1041 1441 1421)
4(1041 1061 1461 1441)
4(1061 1081 1481 1461)
4(1081 1101 1501 1481)
4(1101 1121 1521 1501)
4(1121 1141 1541 1521)
4(1141 1161 1561 1541)
4(1161 1181 1581 1561)
4(1181 1201 1601 1581)
4(1201 1221 1621 1601)
4(1221 1241 1641 1621)
4(0 1 422 421)
4(1 2 423 422)
4(2 3 424 423)
4(3 4 425 424)
4(4 5 426 425)
4(5 6 427 426)
4(6 7 428 427)
4(7 8 429 428)
4(8 9 430 429)
4(9 10 431 430)
4(10 11 432 431)
4(11 12 433 432)
4(12 13 434 433)
4(13 14 435 434)
4(14 15 436 435)
4(15 16 437 436)
4(16 17 438 437)
4(17 18 439 438)
4(18 19 440 439)
4(19 20 441 440)
4(0 421 1622 1222)
4(1222 1622 1623 1223)
4(1223 1623 1624 1224)
4(1224 1624 1625 1225)
4(1225 1625 1626 1226)
4(1226 1626 1627 1227)
4(1227 1627 1628 1228)
4(1228 1628 1629 1229)
4(1229 1629 1630 1230)
4(1230 1630 1631 1231)
4(1231 1631 1632 1232)
4(1232 1632 1633 1233)
4(1233 1633 1634 1234)
4(1234 1634 1635 1235)
4(1235 1635 1636 1236)
4(1236 1636 1637 1237)
4(1237 1637 1638 1238)
4(1238 1638 1639 1239)
4(1239 1639 1640 1240)
4(1240 1640 1641 1241)
3(0 21 1)
3(0 41 21)
3(0 61 41)
3(0 81 61)
3(0 101 81)
3(0 121 101)
3(0 141 121)
3(0 161 141)
3(0 181 161)
3(0 201 181)
3(0 221 201)
3(0 241 221)
3(0 261 241)
3(0 281 261)
3(0 301 281)
3(0 321 301)
3(0 341 321)
3(0 361 341)
3(0 381 361)
3(0 401 381)
4(1 21 22 2)
4(21 41 42 22)
4(41 61 62 42)
4(61 81 82 62)
4(81 101 102 82)
4(101 121 122 102)
4(121 141 142 122)
4(141 161 162 142)
4(161 181 182 162)
4(181 201 202 182)
4(201 221 222 202)
4(221 241 242 222)
4(241 261 262 242)
4(261 281 282 262)
4(281 301 302 282)
4(301 321 322 302)
4(321 341 342 322)
4(341 361 362 342)
4(361 381 382 362)
4(381 401 402 382)
4(2 22 23 3)
4(22 42 43 23)
4(42 62 63 43)
4(62 82 83 63)
4(82 102 103 83)
4(102 122 123 103)
4(122 142 143 123)
4(142 162 163 143)
4(162 182 183 163)
4(182 202 203 183)
4(202 222 223 203)
4(222 242 243 223)
4(242 262 263 243)
4(262 282 283 263)
4(282 302 303 283)
4(302 322 323 303)
4(322 342 343 323)
4(342 362 363 343)
4(362 382 383 363)
4(382 402 403 383)
4(3 23 24 4)
4(23 43 44 24)
4(43 63 64 44)
4(63 83 84 64)
4(83 103 104 84)
4(103 123 124 104)
4(123 143 144 124)
4(143 163 164 144)
4(163 183 184 164)
4(183 203 204 184)
4(203 223 224 204)
4(223 243 244 224)
4(243 263 264 244)
4(263 283 284 264)
4(283 303 304 284)
4(303 323 324 304)
4(323 343 344 324)
4(343 363 364 344)
4(363 383 384 364)
4(383 403 404 384)
4(4 24 25 5)
4(24 44 45 25)
4(44 64 65 45)
4(64 84 85 65)
4(84 104 105 85)
4(104 124 125 105)
4(124 144 145 125)
4(144 164 165 145)
4(164 184 185 165)
4(184 204 205 185)
4(204 224 225 205)
4(224 244 245 225)
4(244 264 265 245)
4(264 284 285 265)
4(284 304 305 285)
4(304 324 325 305)
4(324 344 345 325)
4(344 364 365 345)
4(364 384 385 365)
4(384 404 405 385)
4(5 25 26 6)
4(25 45 46 26)
4(45 65 66 46)
4(65 85 86 66)
4(85 105 106 86)
4(105 125 126 106)
4(125 145 146 126)
4(145 165 166 146)
4(165 185 186 166)
4(185 205 206 186)
4(205 225 226 206)
4(225 245 246 226)
4(245 265 266 246)
4(265 285 286 266)
4(285 305 306 286)
4(305 325 326 306)
4(325 345 346 326)
4(345 365 366 346)
4(365 385 386 366)
4(385 405 406 386)
4(6 26 27 7)
4(26 46 47 27)
4(46 66 67 47)
4(66 86 87 67)
4(86 106 107 87)
4(106 126 127 107)
4(126 146 147 127)
4(146 166 167 147)
4(166 186 187 167)
4(186 206 207 187)
4(206 226 227 207)
4(226 246 247 227)
4(246 266 267 247)
4(266 286 287 267)
4(286 306 307 287)
4(306 326 327 307)
4(326 346 347 327)
4(346 366 367 347)
4(366 386 387 367)
4(386 406 407 387)
4(7 27 28 8)
4(27 47 48 28)
4(47 67 68 48)
4(67 87 88 68)
4(87 107 108 88)
4(107 127 128 108)
4(127 147 148 128)
4(147 167 168 148)
4(167 187 188 168)
4(187 207 208 188)
4(207 227 228 208)
4(227 247 248 228)
4(247 267 268 248)
4(267 287 288 268)
4(287 307 308 288)
4(307 327 328 308)
4(327 347 348 328)
4(347 367 368 348)
4(367 387 388 368)
4(387 407 408 388)
4(8 28 29 9)
4(28 48 49 29)
4(48 68 69 49)
4(68 88 89 69)
4(88 108 109 89)
4(108 128 129 109)
4(128 148 149 129)
4(148 168 169 149)
4(168 188 189 169)
4(188 208 209 189)
4(208 228 229 209)
4(228 248 249 229)
4(248 268 269 249)
4(268 288 289 269)
4(288 308 309 289)
4(308 328 329 309)
4(328 348 349 329)
4(348 368 369 349)
4(368 388 389 369)
4(388 408 409 389)
4(9 29 30 10)
4(29 49 50 30)
4(49 69 70 50)
4(69 89 90 70)
4(89 109 110 90)
4(109 129 130 110)
4(129 149 150 130)
4(149 169 170 150)
4(169 189 190 170)
4(189 209 210 190)
4(209 229 230 210)
4(229 249 250 230)
4(249 269 270 250)
4(269 289 290 270)
4(289 309 310 290)
4(309 329 330 310)
4(329 349 350 330)
4(349 369 370 350)
4(369 389 390 370)
4(389 409 410 390)
4(10 30 31 11)
4(30 50 51 31)
4(50 70 71 51)
4(70 90 91 71)
4(90 110 111 91)
4(110 130 131 111)
4(130 150 151 131)
4(150 170 171 151)
4(170 190 191 171)
4(190 210 211 191)
4(210 230 231 211)
4(230 250 251 231)
4(250 270 271 251)
4(270 290 291 271)
4(290 310 311 291)
4(310 330 331 311)
4(330 350 351 331)
4(350 370 371 351)
4(370 390 391 371)
4(390 410 411 391)
4(11 31 32 12)
4(31 51 52 32)
4(51 71 72 52)
4(71 91 92 72)
4(91 111 112 92)
4(111 131 132 112)
4(131 151 152 132)
4(151 171 172 152)
4(171 191 192 172)
4(191 211 212 192)
4(211 231 232 212)
4(231 251 252 232)
4(251 271 272 252)
4(271 291 292 272)
4(291 311 312 292)
4(311 331 332 312)
4(331 351 352 332)
4(351 371 372 352)
4(371 391 392 372)
4(391 411 412 392)
4(12 32 33 13)
4(32 52 53 33)
4(52 72 73 53)
4(72 92 93 73)
4(92 112 113 93)
4(112 132 133 113)
4(132 152 153 133)
4(152 172 173 153)
4(172 192 193 173)
4(192 212 213 193)
4(212 232 233 213)
4(232 252 253 233)
4(252 272 273 253)
4(272 292 293 273)
4(292 312 313 293)
4(312 332 333 313)
4(332 352 353 333)
4(352 372 373 353)
4(372 392 393 373)
4(392 412 413 393)
4(13 33 34 14)
4(33 53 54 34)
4(53 73 74 54)
4(73 93 94 74)
4(93 113 114 94)
4(113 133 134 114)
4(133 153 154 134)
4(153 173 174 154)
4(173 193 194 174)
4(193 213 214 194)
4(213 233 234 214)
4(233 253 254 234)
4(253 273 274 254)
4(273 293 294 274)
4(293 313 314 294)
4(313 333 334 314)
4(333 353 354 334)
4(353 373 374 354)
4(373 393 394 374)
4(393 413 414 394)
4(14 34 35 15)
4(34 54 55 35)
4(54 74 75 55)
4(74 94 95 75)
4(94 114 115 95)
4(114 134 135 115)
4(134 154 155 135)
4(154 174 175 155)
4(174 194 195 175)
4(194 214 215 195)
4(214 234 235 215)
4(234 254 255 235)
4(254 274 275 255)
4(274 294 295 275)
4(294 314 315 295)
4(314 334 335 315)
4(334 354 355 335)
4(354 374 375 355)
4(374 394 395 375)
4(394 414 415 395)
4(15 35 36 16)
4(35 55 56 36)
4(55 75 76 56)
4(75 95 96 76)
4(95 115 116 96)
4(115 135 136 116)
4(135 155 156 136)
4(155 175 176 156)
4(175 195 196 176)
4(195 215 216 196)
4(215 235 236 216)
4(235 255 256 236)
4(255 275 276 256)
4(275 295 296 276)
4(295 315 316 296)
4(315 335 336 316)
4(335 355 356 336)
4(355 375 376 356)
4(375 395 396 376)
4(395 415 416 396)
4(16 36 37 17)
4(36 56 57 37)
4(56 76 77 57)
4(76 96 97 77)
4(96 116 117 97)
4(116 136 137 117)
4(136 156 157 137)
4(156 176 177 157)
4(176 196 197 177)
4(196 216 217 197)
4(216 236 237 217)
4(236 256 257 237)
4(256 276 277 257)
4(276 296 297 277)
4(296 316 317 297)
4(316 336 337 317)
4(336 356 357 337)
4(356 376 377 357)
4(376 396 397 377)
4(396 416 417 397)
4(17 37 38 18)
4(37 57 58 38)
4(57 77 78 58)
4(77 97 98 78)
4(97 117 118 98)
4(117 137 138 118)
4(137 157 158 138)
4(157 177 178 158)
4(177 197 198 178)
4(197 217 218 198)
4(217 237 238 218)
4(237 257 258 238)
4(257 277 278 258)
4(277 297 298 278)
4(297 317 318 298)
4(317 337 338 318)
4(337 357 358 338)
4(357 377 378 358)
4(377 397 398 378)
4(397 417 418 398)
4(18 38 39 19)
4(38 58 59 39)
4(58 78 79 59)
4(78 98 99 79)
4(98 118 119 99)
4(118 138 139 119)
4(138 158 159 139)
4(158 178 179 159)
4(178 198 199 179)
4(198 218 219 199)
4(218 238 239 219)
4(238 258 259 239)
4(258 278 279 259)
4(278 298 299 279)
4(298 318 319 299)
4(318 338 339 319)
4(338 358 359 339)
4(358 378 379 359)
4(378 398 399 379)
4(398 418 419 399)
4(19 39 40 20)
4(39 59 60 40)
4(59 79 80 60)
4(79 99 100 80)
4(99 119 120 100)
4(119 139 140 120)
4(139 159 160 140)
4(159 179 180 160)
4(179 199 200 180)
4(199 219 220 200)
4(219 239 240 220)
4(239 259 260 240)
4(259 279 280 260)
4(279 299 300 280)
4(299 319 320 300)
4(319 339 340 320)
4(339 359 360 340)
4(359 379 380 360)
4(379 399 400 380)
4(399 419 420 400)
3(421 422 442)
3(421 442 462)
3(421 462 482)
3(421 482 502)
3(421 502 522)
3(421 522 542)
3(421 542 562)
3(421 562 582)
3(421 582 602)
3(421 602 622)
3(421 622 642)
3(421 642 662)
3(421 662 682)
3(421 682 702)
3(421 702 722)
3(421 722 742)
3(421 742 762)
3(421 762 782)
3(421 782 802)
3(421 802 822)
4(422 423 443 442)
4(442 443 463 462)
4(462 463 483 482)
4(482 483 503 502)
4(502 503 523 522)
4(522 523 543 542)
4(542 543 563 562)
4(562 563 583 582)
4(582 583 603 602)
4(602 603 623 622)
4(622 623 643 642)
4(642 643 663 662)
4(662 663 683 682)
4(682 683 703 702)
4(702 703 723 722)
4(722 723 743 742)
4(742 743 763 762)
4(762 763 783 782)
4(782 783 803 802)
4(802 803 823 822)
4(423 424 444 443)
4(443 444 464 463)
4(463 464 484 483)
4(483 484 504 503)
4(503 504 524 523)
4(523 524 544 543)
4(543 544 564 563)
4(563 564 584 583)
4(583 584 604 603)
4(603 604 624 623)
4(623 624 644 643)
4(643 644 664 663)
4(663 664 684 683)
4(683 684 704 703)
4(703 704 724 723)
4(723 724 744 743)
4(743 744 764 763)
4(763 764 784 783)
4(783 784 804 803)
4(803 804 824 823)
4(424 425 445 444)
4(444 445 465 464)
4(464 465 485 484)
4(484 485 505 504)
4(504 505 525 524)
4(524 525 545 544)
4(544 545 565 564)
4(564 565 585 584)
4(584 585 605 604)
4(604 605 625 624)
4(624 625 645 644)
4(644 645 665 664)
4(664 665 685 684)
4(684 685 705 704)
4(704 705 725 724)
4(724 725 745 744)
4(744 745 765 764)
4(764 765 785 784)
4(784 785 805 804)
4(804 805 825 824)
4(425 426 446 445)
4(445 446 466 465)
4(465 466 486 485)
4(485 486 506 505)
4(505 506 526 525)
4(525 526 546 545)
4(545 546 566 565)
4(565 566 586 585)
4(585 586 606 605)
4(605 606 626 625)
4(625 626 646 645)
4(645 646 666 665)
4(665 666 686 685)
4(685 686 706 705)
4(705 706 726 725)
4(725 726 746 745)
4(745 746 766 765)
4(765 766 786 785)
4(785 786 806 805)
4(805 806 826 825)
4(426 427 447 446)
4(446 447 467 466)
4(466 467 487 486)
4(486 487 507 506)
4(506 507 527 526)
4(526 527 547 546)
4(546 547 567 566)
4(566 567 587 586)
4(586 587 607 606)
4(606 607 627 626)
4(626 627 647 646)
4(646 647 667 666)
4(666 667 687 686)
4(686 687 707 706)
4(706 707 727 726)
4(726 727 747 746)
4(746 747 767 766)
4(766 767 787 786)
4(786 787 807 806)
4(806 807 827 826)
4(427 428 448 447)
4(447 448 468 467)
4(467 468 488 487)
4(487 488 508 507)
4(507 508 528 527)
4(527 528 548 547)
4(547 548 568 567)
4(567 568 588 587)
4(587 588 608 607)
4(607 608 628 627)
4(627 628 648 647)
4(647 648 668 667)
4(667 668 688 687)
4(687 688 708 707)
4(707 708 728 727)
4(727 728 748 747)
4(747 748 768 767)
4(767 768 788 787)
4(787 788 808 807)
4(807 808 828 827)
4(428 429 449 448)
4(448 449 469 468)
4(468 469 489 488)
4(488 489 509 508)
4(508 509 529 528)
4(528 529 549 548)
4(548 549 569 568)
4(568 569 589 588)
4(588 589 609 608)
4(608 609 629 628)
4(628 629 649 648)
4(648 649 669 668)
4(668 669 689 688)
4(688 689 709 708)
4(708 709 729 728)
4(728 729 749 748)
4(748 749 769 768)
4(768 769 789 788)
4(788 789 809 808)
4(808 809 829 828)
4(429 430 450 449)
4(449 450 470 469)
4(469 470 490 489)
4(489 490 510 509)
4(509 510 530 529)
4(529 530 550 549)
4(549 550 570 569)
4(569 570 590 589)
4(589 590 610 609)
4(609 610 630 629)
4(629 630 650 649)
4(649 650 670 669)
4(669 670 690 689)
4(689 690 710 709)
4(709 710 730 729)
4(729 730 750 749)
4(749 750 770 769)
4(769 770 790 789)
4(789 790 810 809)
4(809 810 830 829)
4(430 431 451 450)
4(450 451 471 470)
4(470 471 491 490)
4(490 491 511 510)
4(510 511 531 530)
4(530 531 551 550)
4(550 551 571 570)
4(570 571 591 590)
4(590 591 611 610)
4(610 611 631 630)
4(630 631 651 650)
4(650 651 671 670)
4(670 671 691 690)
4(690 691 711 710)
4(710 711 731 730)
4(730 731 751 750)
4(750 751 771 770)
4(770 771 791 790)
4(790 791 811 810)
4(810 811 831 830)
4(431 432 452 451)
4(451 452 472 471)
4(471 472 492 491)
4(491 492 512 511)
4(511 512 532 531)
4(531 532 552 551)
4(551 552 572 571)
4(571 572 592 591)
4(591 592 612 611)
4(611 612 632 631)
4(631 632 652 651)
4(651 652 672 671)
4(671 672 692 691)
4(691 692 712 711)
4(711 712 732 731)
4(731 732 752 751)
4(751 752 772 771)
4(771 772 792 791)
4(791 792 812 811)
4(811 812 832 831)
4(432 433 453 452)
4(452 453 473 472)
4(472 473 493 492)
4(492 493 513 512)
4(512 513 533 532)
4(532 533 553 552)
4(552 553 573 572)
4(572 573 593 592)
4(592 593 613 612)
4(612 613 633 632)
4(632 633 653 652)
4(652 653 673 672)
4(672 673 693 692)
4(692 693 713 712)
4(712 713 733 732)
4(732 733 753 752)
4(752 753 773 772)
4(772 773 793 792)
4(792 793 813 812)
4(812 813 833 832)
4(433 434 454 453)
4(453 454 474 473)
4(473 474 494 493)
4(493 494 514 513)
4(513 514 534 533)
4(533 534 554 553)
4(553 554 574 573)
4(573 574 594 593)
4(593 594 614 613)
4(613 614 634 633)
4(633 634 654 653)
4(653 654 674 673)
4(673 674 694 693)
4(693 694 714 713)
4(713 714 734 733)
4(733 734 754 753)
4(753 754 774 773)
4(773 774 794 793)
4(793 794 814 813)
4(813 814 834 833)
4(434 435 455 454)
4(454 455 475 474)
4(474 475 495 494)
4(494 495 515 514)
4(514 515 535 534)
4(534 535 555 554)
4(554 555 575 574)
4(574 575 595 594)
4(594 595 615 614)
4(614 615 635 634)
4(634 635 655 654)
4(654 655 675 674)
4(674 675 695 694)
4(694 695 715 714)
4(714 715 735 734)
4(734 735 755 754)
4(754 755 775 774)
4(774 775 795 794)
4(794 795 815 814)
4(814 815 835 834)
4(435 436 456 455)
4(455 456 476 475)
4(475 476 496 495)
4(495 496 516 515)
4(515 516 536 535)
4(535 536 556 555)
4(555 556 576 575)
4(575 576 596 595)
4(595 596 616 615)
4(615 616 636 635)
4(635 636 656 655)
4(655 656 676 675)
4(675 676 696 695)
4(695 696 716 715)
4(715 716 736 735)
4(735 736 756 755)
4(755 756 776 775)
4(775 776 796 795)
4(795 796 816 815)
4(815 816 836 835)
4(436 437 457 456)
4(456 457 477 476)
4(476 477 497 496)
4(496 497 517 516)
4(516 517 537 536)
4(536 537 557 556)
4(556 557 577 576)
4(576 577 597 596)
4(596 597 617 616)
4(616 617 637 636)
4(636 637 657 656)
4(656 657 677 676)
4(676 677 697 696)
4(696 697 717 716)
4(716 717 737 736)
4(736 737 757 756)
4(756 757 777 776)
4(776 777 797 796)
4(796 797 817 816)
4(816 817 837 836)
4(437 438 458 457)
4(457 458 478 477)
4(477 478 498 497)
4(497 498 518 517)
4(517 518 538 537)
4(537 538 558 557)
4(557 558 578 577)
4(577 578 598 597)
4(597 598 618 617)
4(617 618 638 637)
4(637 638 658 657)
4(657 658 678 677)
4(677 678 698 697)
4(697 698 718 717)
4(717 718 738 737)
4(737 738 758 757)
4(757 758 778 777)
4(777 778 798 797)
4(797 798 818 817)
4(817 818 838 837)
4(438 439 459 458)
4(458 459 479 478)
4(478 479 499 498)
4(498 499 519 518)
4(518 519 539 538)
4(538 539 559 558)
4(558 559 579 578)
4(578 579 599 598)
4(598 599 619 618)
4(618 619 639 638)
4(638 639 659 658)
4(658 659 679 678)
4(678 679 699 698)
4(698 699 719 718)
4(718 719 739 738)
4(738 739 759 758)
4(758 759 779 778)
4(778 779 799 798)
4(798 799 819 818)
4(818 819 839 838)
4(439 440 460 459)
4(459 460 480 479)
4(479 480 500 499)
4(499 500 520 519)
4(519 520 540 539)
4(539 540 560 559)
4(559 560 580 579)
4(579 580 600 599)
4(599 600 620 619)
4(619 620 640 639)
4(639 640 660 659)
4(659 660 680 679)
4(679 680 700 699)
4(699 700 720 719)
4(719 720 740 739)
4(739 740 760 759)
4(759 760 780 779)
4(779 780 800 799)
4(799 800 820 819)
4(819 820 840 839)
4(440 441 461 460)
4(460 461 481 480)
4(480 481 501 500)
4(500 501 521 520)
4(520 521 541 540)
4(540 541 561 560)
4(560 561 581 580)
4(580 581 601 600)
4(600 601 621 620)
4(620 621 641 640)
4(640 641 661 660)
4(660 661 681 680)
4(680 681 701 700)
4(700 701 721 720)
4(720 721 741 740)
4(740 741 761 760)
4(760 761 781 780)
4(780 781 801 800)
4(800 801 821 820)
4(820 821 841 840)
3(0 842 401)
3(0 862 842)
3(0 882 862)
3(0 902 882)
3(0 922 902)
3(0 942 922)
3(0 962 942)
3(0 982 962)
3(0 1002 982)
3(0 1022 1002)
3(0 1042 1022)
3(0 1062 1042)
3(0 1082 1062)
3(0 1102 1082)
3(0 1122 1102)
3(0 1142 1122)
3(0 1162 1142)
3(0 1182 1162)
3(0 1202 1182)
3(0 1222 1202)
4(401 842 843 402)
4(842 862 863 843)
4(862 882 883 863)
4(882 902 903 883)
4(902 922 923 903)
4(922 942 943 923)
4(942 962 963 943)
4(962 982 983 963)
4(982 1002 1003 983)
4(1002 1022 1023 1003)
4(1022 1042 1043 1023)
4(1042 1062 1063 1043)
4(1062 1082 1083 1063)
4(1082 1102 1103 1083)
4(1102 1122 1123 1103)
4(1122 1142 1143 1123)
4(1142 1162 1163 1143)
4(1162 1182 1183 1163)
4(1182 1202 1203 1183)
4(1202 1222 1223 1203)
4(402 843 844 403)
4(843 863 864 844)
4(863 883 884 864)
4(883 903 904 884)
4(903 923 924 904)
4(923 943 944 924)
4(943 963 964 944)
4(963 983 984 964)
4(983 1003 1004 984)
4(1003 1023 1024 1004)
4(1023 1043 1044 1024)
4(1043 1063 1064 1044)
4(1063 1083 1084 1064)
4(1083 1103 1104 1084)
4(1103 1123 1124 1104)
4(1123 1143 1144 1124)
4(1143 1163 1164 1144)
4(1163 1183 1184 1164)
4(1183 1203 1204 1184)
4(1203 1223 1224 1204)
4(403 844 845 404)
4(844 864 865 845)
4(864 884 885 865)
4(884 904 905 885)
4(904 924 925 905)
4(924 944 945 925)
4(944 964 965 945)
4(964 984 985 965)
4(984 1004 1005 985)
4(1004 1024 1025 1005)
4(1024 1044 1045 1025)
4(1044 1064 1065 1045)
4(1064 1084 1085 1065)
4(1084 1104 1105 1085)
4(1104 1124 1125 1105)
4(1124 1144 1145 1125)
4(1144 1164 1165 1145)
4(1164 1184 1185 1165)
4(1184 1204 1205 1185)
4(1204 1224 1225 1205)
4(404 845 846 405)
4(845 865 866 846)
4(865 885 886 866)
4(885 905 906 886)
4(905 925 926 906)
4(925 945 946 926)
4(945 965 966 946)
4(965 985 986 966)
4(985 1005 1006 986)
4(1005 1025 1026 1006)
4(1025 1045 1046 1026)
4(1045 1065 1066 1046)
4(1065 1085 1086 1066)
4(1085 1105 1106 1086)
4(1105 1125 1126 1106)
4(1125 1145 1146 1126)
4(1145 1165 1166 1146)
4(1165 1185 1186 1166)
4(1185 1205 1206 1186)
4(1205 1225 1226 1206)
4(405 846 847 406)
4(846 866 867 847)
4(866 886 887 867)
4(886 906 907 887)
4(906 926 927 907)
4(926 946 947 927)
4(946 966 967 947)
4(966 986 987 967)
4(986 1006 1007 987)
4(1006 1026 1027 1007)
4(1026 1046 1047 1027)
4(1046 1066 1067 1047)
4(1066 1086 1087 1067)
4(1086 1106 1107 1087)
4(1106 1126 1127 1107)
4(1126 1146 1147 1127)
4(1146 1166 1167 1147)
4(1166 1186 1187 1167)
4(1186 1206 1207 1187)
4(1206 1226 1227 1207)
4(406 847 848 407)
4(847 867 868 848)
4(867 887 888 868)
4(887 907 908 888)
4(907 927 928 908)
4(927 947 948 928)
4(947 967 968 948)
4(967 987 988 968)
4(987 1007 1008 988)
4(1007 1027 1028 1008)
4(1027 1047 1048 1028)
4(1047 1067 1068 1048)
4(1067 1087 1088 1068)
4(1087 1107 1108 1088)
4(1107 1127 1128 1108)
4(1127 1147 1148 1128)
4(1147 1167 1168 1148)
4(1167 1187 1188 1168)
4(1187 1207 1208 1188)
4(1207 1227 1228 1208)
4(407 848 849 408)
4(848 868 869 849)
4(868 888 889 869)
4(888 908 909 889)
4(908 928 929 909)
4(928 948 949 929)
4(948 968 969 949)
4(968 988 989 969)
4(988 1008 1009 989)
4(1008 1028 1029 1009)
4(1028 1048 1049 1029)
4(1048 1068 1069 1049)
4(1068 1088 1089 1069)
4(1088 1108 1109 1089)
4(1108 1128 1129 1109)
4(1128 1148 1149 1129)
4(1148 1168 1169 1149)
4(1168 1188 1189 1169)
4(1188 1208 1209 1189)
4(1208 1228 1229 1209)
4(408 849 850 409)
4(849 869 870 850)
4(869 889 890 870)
4(889 909 910 890)
4(909 929 930 910)
4(929 949 950 930)
4(949 969 970 950)
4(969 989 990 970)
4(989 1009 1010 990)
4(1009 1029 1030 1010)
4(1029 1049 1050 1030)
4(1049 1069 1070 1050)
4(1069 1089 1090 1070)
4(1089 1109 1110 1090)
4(1109 1129 1130 1110)
4(1129 1149 1150 1130)
4(1149 1169 1170 1150)
4(1169 1189 1190 1170)
4(1189 1209 1210 1190)
4(1209 1229 1230 1210)
4(409 850 851 410)
4(850 870 871 851)
4(870 890 891 871)
4(890 910 911 891)
4(910 930 931 911)
4(930 950 951 931)
4(950 970 971 951)
4(970 990 991 971)
4(990 1010 1011 991)
4(1010 1030 1031 1011)
4(1030 1050 1051 1031)
4(1050 1070 1071 1051)
4(1070 1090 1091 1071)
4(1090 1110 1111 1091)
4(1110 1130 1131 1111)
4(1130 1150 1151 1131)
4(1150 1170 1171 1151)
4(1170 1190 1191 1171)
4(1190 1210 1211 1191)
4(1210 1230 1231 1211)
4(410 851 852 411)
4(851 871 872 852)
4(871 891 892 872)
4(891 911 912 892)
4(911 931 932 912)
4(931 951 952 932)
4(951 971 972 952)
4(971 991 992 972)
4(991 1011 1012 992)
4(1011 1031 1032 1012)
4(1031 1051 1052 1032)
4(1051 1071 1072 1052)
4(1071 1091 1092 1072)
4(1091 1111 1112 1092)
4(1111 1131 1132 1112)
4(1131 1151 1152 1132)
4(1151 1171 1172 1152)
4(1171 1191 1192 1172)
4(1191 1211 1212 1192)
4(1211 1231 1232 1212)
4(411 852 853 412)
4(852 872 873 853)
4(872 892 893 873)
4(892 912 913 893)
4(912 932 933 913)
4(932 952 953 933)
4(952 972 973 953)
4(972 992 993 973)
4(992 1012 1013 993)
4(1012 1032 1033 1013)
4(1032 1052 1053 1033)
4(1052 1072 1073 1053)
4(1072 1092 1093 1073)
4(1092 1112 1113 1093)
4(1112 1132 1133 1113)
4(1132 1152 1153 1133)
4(1152 1172 1173 1153)
4(1172 1192 1193 1173)
4(1192 1212 1213 1193)
4(1212 1232 1233 1213)
4(412 853 854 413)
4(853 873 874 854)
4(873 893 894 874)
4(893 913 914 894)
4(913 933 934 914)
4(933 953 954 934)
4(953 973 974 954)
4(973 993 994 974)
4(993 1013 1014 994)
4(1013 1033 1034 1014)
4(1033 1053 1054 1034)
4(1053 1073 1074 1054)
4(1073 1093 1094 1074)
4(1093 1113 1114 1094)
4(1113 1133 1134 1114)
4(1133 1153 1154 1134)
4(1153 1173 1174 1154)
4(1173 1193 1194 1174)
4(1193 1213 1214 1194)
4(1213 1233 1234 1214)
4(413 854 855 414)
4(854 874 875 855)
4(874 894 895 875)
4(894 914 915 895)
4(914 934 935 915)
4(934 954 955 935)
4(954 974 975 955)
4(974 994 995 975)
4(994 1014 1015 995)
4(1014 1034 1035 1015)
4(1034 1054 1055 1035)
4(1054 1074 1075 1055)
4(1074 1094 1095 1075)
4(1094 1114 1115 1095)
4(1114 1134 1135 1115)
4(1134 1154 1155 1135)
4(1154 1174 1175 1155)
4(1174 1194 1195 1175)
4(1194 1214 1215 1195)
4(1214 1234 1235 1215)
4(414 855 856 415)
4(855 875 876 856)
4(875 895 896 876)
4(895 915 916 896)
4(915 935 936 916)
4(935 955 956 936)
4(955 975 976 956)
4(975 995 996 976)
4(995 1015 1016 996)
4(1015 1035 1036 1016)
4(1035 1055 1056 1036)
4(1055 1075 1076 1056)
4(1075 1095 1096 1076)
4(1095 1115 1116 1096)
4(1115 1135 1136 1116)
4(1135 1155 1156 1136)
4(1155 1175 1176 1156)
4(1175 1195 1196 1176)
4(1195 1215 1216 1196)
4(1215 1235 1236 1216)
4(415 856 857 416)
4(856 876 877 857)
4(876 896 897 877)
4(896 916 917 897)
4(916 936 937 917)
4(936 956 957 937)
4(956 976 977 957)
4(976 996 997 977)
4(996 1016 1017 997)
4(1016 1036 1037 1017)
4(1036 1056 1057 1037)
4(1056 1076 1077 1057)
4(1076 1096 1097 1077)
4(1096 1116 1117 1097)
4(1116 1136 1137 1117)
4(1136 1156 1157 1137)
4(1156 1176 1177 1157)
4(1176 1196 1197 1177)
4(1196 1216 1217 1197)
4(1216 1236 1237 1217)
4(416 857 858 417)
4(857 877 878 858)
4(877 897 898 878)
4(897 917 918 898)
4(917 937 938 918)
4(937 957 958 938)
4(957 977 978 958)
4(977 997 998 978)
4(997 1017 1018 998)
4(1017 1037 1038 1018)
4(1037 1057 1058 1038)
4(1057 1077 1078 1058)
4(1077 1097 1098 1078)
4(1097 1117 1118 1098)
4(1117 1137 1138 1118)
4(1137 1157 1158 1138)
4(1157 1177 1178 1158)
4(1177 1197 1198 1178)
4(1197 1217 1218 1198)
4(1217 1237 1238 1218)
4(417 858 859 418)
4(858 878 879 859)
4(878 898 899 879)
4(898 918 919 899)
4(918 938 939 919)
4(938 958 959 939)
4(958 978 979 959)
4(978 998 999 979)
4(998 1018 1019 999)
4(1018 1038 1039 1019)
4(1038 1058 1059 1039)
4(1058 1078 1079 1059)
4(1078 1098 1099 1079)
4(1098 1118 1119 1099)
4(1118 1138 1139 1119)
4(1138 1158 1159 1139)
4(1158 1178 1179 1159)
4(1178 1198 1199 1179)
4(1198 1218 1219 1199)
4(1218 1238 1239 1219)
4(418 859 860 419)
4(859 879 880 860)
4(879 899 900 880)
4(899 919 920 900)
4(919 939 940 920)
4(939 959 960 940)
4(959 979 980 960)
4(979 999 1000 980)
4(999 1019 1020 1000)
4(1019 1039 1040 1020)
4(1039 1059 1060 1040)
4(1059 1079 1080 1060)
4(1079 1099 1100 1080)
4(1099 1119 1120 1100)
4(1119 1139 1140 1120)
4(1139 1159 1160 1140)
4(1159 1179 1180 1160)
4(1179 1199 1200 1180)
4(1199 1219 1220 1200)
4(1219 1239 1240 1220)
4(419 860 861 420)
4(860 880 881 861)
4(880 900 901 881)
4(900 920 921 901)
4(920 940 941 921)
4(940 960 961 941)
4(960 980 981 961)
4(980 1000 1001 981)
4(1000 1020 1021 1001)
4(1020 1040 1041 1021)
4(1040 1060 1061 1041)
4(1060 1080 1081 1061)
4(1080 1100 1101 1081)
4(1100 1120 1121 1101)
4(1120 1140 1141 1121)
4(1140 1160 1161 1141)
4(1160 1180 1181 1161)
4(1180 1200 1201 1181)
4(1200 1220 1221 1201)
4(1220 1240 1241 1221)
3(421 822 1242)
3(421 1242 1262)
3(421 1262 1282)
3(421 1282 1302)
3(421 1302 1322)
3(421 1322 1342)
3(421 1342 1362)
3(421 1362 1382)
3(421 1382 1402)
3(421 1402 1422)
3(421 1422 1442)
3(421 1442 1462)
3(421 1462 1482)
3(421 1482 1502)
3(421 1502 1522)
3(421 1522 1542)
3(421 1542 1562)
3(421 1562 1582)
3(421 1582 1602)
3(421 1602 1622)
4(822 823 1243 1242)
4(1242 1243 1263 1262)
4(1262 1263 1283 1282)
4(1282 1283 1303 1302)
4(1302 1303 1323 1322)
4(1322 1323 1343 1342)
4(1342 1343 1363 1362)
4(1362 1363 1383 1382)
4(1382 1383 1403 1402)
4(1402 1403 1423 1422)
4(1422 1423 1443 1442)
4(1442 1443 1463 1462)
4(1462 1463 1483 1482)
4(1482 1483 1503 1502)
4(1502 1503 1523 1522)
4(1522 1523 1543 1542)
4(1542 1543 1563 1562)
4(1562 1563 1583 1582)
4(1582 1583 1603 1602)
4(1602 1603 1623 1622)
4(823 824 1244 1243)
4(1243 1244 1264 1263)
4(1263 1264 1284 1283)
4(1283 1284 1304 1303)
4(1303 1304 1324 1323)
4(1323 1324 1344 1343)
4(1343 1344 1364 1363)
4(1363 1364 1384 1383)
4(1383 1384 1404 1403)
4(1403 1404 1424 1423)
4(1423 1424 1444 1443)
4(1443 1444 1464 1463)
4(1463 1464 1484 1483)
4(1483 1484 1504 1503)
4(1503 1504 1524 1523)
4(1523 1524 1544 1543)
4(1543 1544 1564 1563)
4(1563 1564 1584 1583)
4(1583 1584 1604 1603)
4(1603 1604 1624 1623)
4(824 825 1245 1244)
4(1244 1245 1265 1264)
4(1264 1265 1285 1284)
4(1284 1285 1305 1304)
4(1304 1305 1325 1324)
4(1324 1325 1345 1344)
4(1344 1345 1365 1364)
4(1364 1365 1385 1384)
4(1384 1385 1405 1404)
4(1404 1405 1425 1424)
4(1424 1425 1445 1444)
4(1444 1445 1465 1464)
4(1464 1465 1485 1484)
4(1484 1485 1505 1504)
4(1504 1505 1525 1524)
4(1524 1525 1545 1544)
4(1544 1545 1565 1564)
4(1564 1565 1585 1584)
4(1584 1585 1605 1604)
4(1604 1605 1625 1624)
4(825 826 1246 1245)
4(1245 1246 1266 1265)
4(1265 1266 1286 1285)
4(1285 1286 1306 1305)
4(1305 1306 1326 1325)
4(1325 1326 1346 1345)
4(1345 1346 1366 1365)
4(1365 1366 1386 1385)
4(1385 1386 1406 1405)
4(1405 1406 1426 1425)
4(1425 1426 1446 1445)
4(1445 1446 1466 1465)
4(1465 1466 1486 1485)
4(1485 1486 1506 1505)
4(1505 1506 1526 1525)
4(1525 1526 1546 1545)
4(1545 1546 1566 1565)
4(1565 1566 1586 1585)
4(1585 1586 1606 1605)
4(1605 1606 1626 1625)
4(826 827 1247 1246)
4(1246 1247 1267 1266)
4(1266 1267 1287 1286)
4(1286 1287 1307 1306)
4(1306 1307 1327 1326)
4(1326 1327 1347 1346)
4(1346 1347 1367 1366)
4(1366 1367 1387 1386)
4(1386 1387 1407 1406)
4(1406 1407 1427 1426)
4(1426 1427 1447 1446)
4(1446 1447 1467 1466)
4(1466 1467 1487 1486)
4(1486 1487 1507 1506)
4(1506 1507 1527 1526)
4(1526 1527 1547 1546)
4(1546 1547 1567 1566)
4(1566 1567 1587 1586)
4(1586 1587 1607 1606)
4(1606 1607 1627 1626)
4(827 828 1248 1247)
4(1247 1248 1268 1267)
4(1267 1268 1288 1287)
4(1287 1288 1308 1307)
4(1307 1308 1328 1327)
4(1327 1328 1348 1347)
4(1347 1348 1368 1367)
4(1367 1368 1388 1387)
4(1387 1388 1408 1407)
4(1407 1408 1428 1427)
4(1427 1428 1448 1447)
4(1447 1448 1468 1467)
4(1467 1468 1488 1487)
4(1487 1488 1508 1507)
4(1507 1508 1528 1527)
4(1527 1528 1548 1547)
4(1547 1548 1568 1567)
4(1567 1568 1588 1587)
4(1587 1588 1608 1607)
4(1607 1608 1628 1627)
4(828 829 1249 1248)
4(1248 1249 1269 1268)
4(1268 1269 1289 1288)
4(1288 1289 1309 1308)
4(1308 1309 1329 1328)
4(1328 1329 1349 1348)
4(1348 1349 1369 1368)
4(1368 1369 1389 1388)
4(1388 1389 1409 1408)
4(1408 1409 1429 1428)
4(1428 1429 1449 1448)
4(1448 1449 1469 1468)
4(1468 1469 1489 1488)
4(1488 1489 1509 1508)
4(1508 1509 1529 1528)
4(1528 1529 1549 1548)
4(1548 1549 1569 1568)
4(1568 1569 1589 1588)
4(1588 1589 1609 1608)
4(1608 1609 1629 1628)
4(829 830 1250 1249)
4(1249 1250 1270 1269)
4(1269 1270 1290 1289)
4(1289 1290 1310 1309)
4(1309 1310 1330 1329)
4(1329 1330 1350 1349)
4(1349 1350 1370 1369)
4(1369 1370 1390 1389)
4(1389 1390 1410 1409)
4(1409 1410 1430 1429)
4(1429 1430 1450 1449)
4(1449 1450 1470 1469)
4(1469 1470 1490 1489)
4(1489 1490 1510 1509)
4(1509 1510 1530 1529)
4(1529 1530 1550 1549)
4(1549 1550 1570 1569)
4(1569 1570 1590 1589)
4(1589 1590 1610 1609)
4(1609 1610 1630 1629)
4(830 831 1251 1250)
4(1250 1251 1271 1270)
4(1270 1271 1291 1290)
4(1290 1291 1311 1310)
4(1310 1311 1331 1330)
4(1330 1331 1351 1350)
4(1350 1351 1371 1370)
4(1370 1371 1391 1390)
4(1390 1391 1411 1410)
4(1410 1411 1431 1430)
4(1430 1431 1451 1450)
4(1450 1451 1471 1470)
4(1470 1471 1491 1490)
4(1490 1491 1511 1510)
4(1510 1511 1531 1530)
4(1530 1531 1551 1550)
4(1550 1551 1571 1570)
4(1570 1571 1591 1590)
4(1590 1591 1611 1610)
4(1610 1611 1631 1630)
4(831 832 1252 1251)
4(1251 1252 1272 1271)
4(1271 1272 1292 1291)
4(1291 1292 1312 1311)
4(1311 1312 1332 1331)
4(1331 1332 1352 1351)
4(1351 1352 1372 1371)
4(1371 1372 1392 1391)
4(1391 1392 1412 1411)
4(1411 1412 1432 1431)
4(1431 1432 1452 1451)
4(1451 1452 1472 1471)
4(1471 1472 1492 1491)
4(1491 1492 1512 1511)
4(1511 1512 1532 1531)
4(1531 1532 1552 1551)
4(1551 1552 1572 1571)
4(1571 1572 1592 1591)
4(1591 1592 1612 1611)
4(1611 1612 1632 1631)
4(832 833 1253 1252)
4(1252 1253 1273 1272)
4(1272 1273 1293 1292)
4(1292 1293 1313 1312)
4(1312 1313 1333 1332)
4(1332 1333 1353 1352)
4(1352 1353 1373 1372)
4(1372 1373 1393 1392)
4(1392 1393 1413 1412)
4(1412 1413 1433 1432)
4(1432 1433 1453 1452)
4(1452 1453 1473 1472)
4(1472 1473 1493 1492)
4(1492 1493 1513 1512)
4(1512 1513 1533 1532)
4(1532 1533 1553 1552)
4(1552 1553 1573 1572)
4(1572 1573 1593 1592)
4(1592 1593 1613 1612)
4(1612 1613 1633 1632)
4(833 834 1254 1253)
4(1253 1254 1274 1273)
4(1273 1274 1294 1293)
4(1293 1294 1314 1313)
4(1313 1314 1334 1333)
4(1333 1334 1354 1353)
4(1353 1354 1374 1373)
4(1373 1374 1394 1393)
4(1393 1394 1414 1413)
4(1413 1414 1434 1433)
4(1433 1434 1454 1453)
4(1453 1454 1474 1473)
4(1473 1474 1494 1493)
4(1493 1494 1514 1513)
4(1513 1514 1534 1533)
4(1533 1534 1554 1553)
4(1553 1554 1574 1573)
4(1573 1574 1594 1593)
4(1593 1594 1614 1613)
4(1613 1614 1634 1633)
4(834 835 1255 1254)
4(1254 1255 1275 1274)
4(1274 1275 1295 1294)
4(1294 1295 1315 1314)
4(1314 1315 1335 1334)
4(1334 1335 1355 1354)
4(1354 1355 1375 1374)
4(1374 1375 1395 1394)
4(1394 1395 1415 1414)
4(1414 1415 1435 1434)
4(1434 1435 1455 1454)
4(1454 1455 1475 1474)
4(1474 1475 1495 1494)
4(1494 1495 1515 1514)
4(1514 1515 1535 1534)
4(1534 1535 1555 1554)
4(1554 1555 1575 1574)
4(1574 1575 1595 1594)
4(1594 1595 1615 1614)
4(1614 1615 1635 1634)
4(835 836 1256 1255)
4(1255 1256 1276 1275)
4(1275 1276 1296 1295)
4(1295 1296 1316 1315)
4(1315 1316 1336 1335)
4(1335 1336 1356 1355)
4(1355 1356 1376 1375)
4(1375 1376 1396 1395)
4(1395 1396 1416 1415)
4(1415 1416 1436 1435)
4(1435 1436 1456 1455)
4(1455 1456 1476 1475)
4(1475 1476 1496 1495)
4(1495 1496 1516 1515)
4(1515 1516 1536 1535)
4(1535 1536 1556 1555)
4(1555 1556 1576 1575)
4(1575 1576 1596 1595)
4(1595 1596 1616 1615)
4(1615 1616 1636 1635)
4(836 837 1257 1256)
4(1256 1257 1277 1276)
4(1276 1277 1297 1296)
4(1296 1297 1317 1316)
4(1316 1317 1337 1336)
4(1336 1337 1357 1356)
4(1356 1357 1377 1376)
4(1376 1377 1397 1396)
4(1396 1397 1417 1416)
4(1416 1417 1437 1436)
4(1436 1437 1457 1456)
4(1456 1457 1477 1476)
4(1476 1477 1497 1496)
4(1496 1497 1517 1516)
4(1516 1517 1537 1536)
4(1536 1537 1557 1556)
4(1556 1557 1577 1576)
4(1576 1577 1597 1596)
4(1596 1597 1617 1616)
4(1616 1617 1637 1636)
4(837 838 1258 1257)
4(1257 1258 1278 1277)
4(1277 1278 1298 1297)
4(1297 1298 1318 1317)
4(1317 1318 1338 1337)
4(1337 1338 1358 1357)
4(1357 1358 1378 1377)
4(1377 1378 1398 1397)
4(1397 1398 1418 1417)
4(1417 1418 1438 1437)
4(1437 1438 1458 1457)
4(1457 1458 1478 1477)
4(1477 1478 1498 1497)
4(1497 1498 1518 1517)
4(1517 1518 1538 1537)
4(1537 1538 1558 1557)
4(1557 1558 1578 1577)
4(1577 1578 1598 1597)
4(1597 1598 1618 1617)
4(1617 1618 1638 1637)
4(838 839 1259 1258)
4(1258 1259 1279 1278)
4(1278 1279 1299 1298)
4(1298 1299 1319 1318)
4(1318 1319 1339 1338)
4(1338 1339 1359 1358)
4(1358 1359 1379 1378)
4(1378 1379 1399 1398)
4(1398 1399 1419 1418)
4(1418 1419 1439 1438)
4(1438 1439 1459 1458)
4(1458 1459 1479 1478)
4(1478 1479 1499 1498)
4(1498 1499 1519 1518)
4(1518 1519 1539 1538)
4(1538 1539 1559 1558)
4(1558 1559 1579 1578)
4(1578 1579 1599 1598)
4(1598 1599 1619 1618)
4(1618 1619 1639 1638)
4(839 840 1260 1259)
4(1259 1260 1280 1279)
4(1279 1280 1300 1299)
4(1299 1300 1320 1319)
4(1319 1320 1340 1339)
4(1339 1340 1360 1359)
4(1359 1360 1380 1379)
4(1379 1380 1400 1399)
4(1399 1400 1420 1419)
4(1419 1420 1440 1439)
4(1439 1440 1460 1459)
4(1459 1460 1480 1479)
4(1479 1480 1500 1499)
4(1499 1500 1520 1519)
4(1519 1520 1540 1539)
4(1539 1540 1560 1559)
4(1559 1560 1580 1579)
4(1579 1580 1600 1599)
4(1599 1600 1620 1619)
4(1619 1620 1640 1639)
4(840 841 1261 1260)
4(1260 1261 1281 1280)
4(1280 1281 1301 1300)
4(1300 1301 1321 1320)
4(1320 1321 1341 1340)
4(1340 1341 1361 1360)
4(1360 1361 1381 1380)
4(1380 1381 1401 1400)
4(1400 1401 1421 1420)
4(1420 1421 1441 1440)
4(1440 1441 1461 1460)
4(1460 1461 1481 1480)
4(1480 1481 1501 1500)
4(1500 1501 1521 1520)
4(1520 1521 1541 1540)
4(1540 1541 1561 1560)
4(1560 1561 1581 1580)
4(1580 1581 1601 1600)
4(1600 1601 1621 1620)
4(1620 1621 1641 1640)
)


// ************************************************************************* //
