/*--------------------------------*- C++ -*----------------------------------*\
  =========                 |
  \\      /  F ield         | OpenFOAM: The Open Source CFD Toolbox
   \\    /   O peration     | Website:  https://openfoam.org
    \\  /    A nd           | Version:  dev
     \\/     M anipulation  |
\*---------------------------------------------------------------------------*/
FoamFile
{
    version     2.0;
    format      ascii;
    class       vectorField;
    location    "constant/polyMesh";
    object      points;
}
// * * * * * * * * * * * * * * * * * * * * * * * * * * * * * * * * * * * * * //


1642
(
(0.142 0.072 0)
(0.1363507408 0.07177866746 0)
(0.1307362696 0.0711147159 0)
(0.1251912119 0.07001224003 0)
(0.1197497649 0.06847803898 0)
(0.1144454869 0.06652157443 0)
(0.1093110904 0.06415491222 0)
(0.1043782399 0.06139264795 0)
(0.0996773571 0.05825181694 0)
(0.09523743321 0.05475178923 0)
(0.09108584994 0.05091415006 0)
(0.08724821077 0.04676256679 0)
(0.08374818306 0.0423226429 0)
(0.08060735205 0.03762176014 0)
(0.07784508778 0.03268890962 0)
(0.07547842557 0.02755451306 0)
(0.07352196102 0.0222502351 0)
(0.07198775997 0.01680878812 0)
(0.0708852841 0.01126373041 0)
(0.07022133254 0.005649259245 0)
(0.07 0 0)
(0.1366382037 0.07160973409 0)
(0.1313094561 0.07079898011 0)
(0.1260466513 0.06957162802 0)
(0.1208822767 0.06793413703 0)
(0.1158482126 0.06589549571 0)
(0.1109755359 0.06346716661 0)
(0.1062943279 0.06066301555 0)
(0.1018334892 0.0574992261 0)
(0.09762056155 0.05399419977 0)
(0.09368155744 0.05016844256 0)
(0.09004080023 0.04604443845 0)
(0.0867207739 0.04164651075 0)
(0.08374198445 0.03700067213 0)
(0.08112283339 0.03213446414 0)
(0.07887950429 0.0270767874 0)
(0.07702586297 0.02185772335 0)
(0.07557337198 0.01650834872 0)
(0.07453101989 0.01106054389 0)
(0.07390526591 0.005546796283 0)
(0.0737 0 0)
(0.1369256667 0.07144080071 0)
(0.1318826426 0.07048324431 0)
(0.1269020907 0.06913101602 0)
(0.1220147884 0.06739023508 0)
(0.1172509382 0.06526941699 0)
(0.1126399813 0.062779421 0)
(0.1082104159 0.05993338315 0)
(0.1039896214 0.05674663525 0)
(0.1000036899 0.05323661031 0)
(0.09627726494 0.04942273506 0)
(0.09283338969 0.04532631011 0)
(0.08969336475 0.04097037861 0)
(0.08687661685 0.03637958412 0)
(0.084400579 0.03158001866 0)
(0.08228058301 0.02659906175 0)
(0.08052976492 0.02146521159 0)
(0.07915898398 0.01620790931 0)
(0.07817675569 0.01085735737 0)
(0.07758919929 0.005444333321 0)
(0.0774 0 0)
(0.1372131296 0.07127186734 0)
(0.1324558292 0.07016750852 0)
(0.1277575301 0.06869040402 0)
(0.1231473002 0.06684633313 0)
(0.1186536639 0.06464333827 0)
(0.1143044268 0.06209167539 0)
(0.1101265039 0.05920375075 0)
(0.1061457535 0.0559940444 0)
(0.1023868182 0.05247902085 0)
(0.09887297245 0.04867702755 0)
(0.09562597915 0.04460818177 0)
(0.0926659556 0.04029424646 0)
(0.09001124925 0.03575849612 0)
(0.08767832461 0.03102557318 0)
(0.08568166173 0.0261213361 0)
(0.08403366687 0.02107269984 0)
(0.08274459598 0.0159074699 0)
(0.08182249148 0.01065417085 0)
(0.08127313266 0.005341870358 0)
(0.0811 0 0)
(0.1375005926 0.07110293397 0)
(0.1330290157 0.06985177272 0)
(0.1286129695 0.06824979202 0)
(0.1242798119 0.06630243118 0)
(0.1200563896 0.06401725954 0)
(0.1159688723 0.06140392978 0)
(0.1120425919 0.05847411836 0)
(0.1083018857 0.05524145355 0)
(0.1047699466 0.05172143139 0)
(0.1014686799 0.04793132005 0)
(0.09841856861 0.04389005343 0)
(0.09563854645 0.03961811432 0)
(0.09314588164 0.03513740811 0)
(0.09095607022 0.0304711277 0)
(0.08908274046 0.02564361044 0)
(0.08753756882 0.02068018808 0)
(0.08633020798 0.0156070305 0)
(0.08546822728 0.01045098433 0)
(0.08495706603 0.005239407396 0)
(0.0848 0 0)
(0.1377880556 0.0709340006 0)
(0.1336022022 0.06953603693 0)
(0.1294684089 0.06780918002 0)
(0.1254123237 0.06575852923 0)
(0.1214591152 0.06339118082 0)
(0.1176333178 0.06071618417 0)
(0.1139586799 0.05774448596 0)
(0.1104580178 0.05448886271 0)
(0.1071530749 0.05096384193 0)
(0.1040643875 0.04718561255 0)
(0.1012111581 0.04317192509 0)
(0.09861113729 0.03894198217 0)
(0.09628051404 0.0345163201 0)
(0.09423381583 0.02991668222 0)
(0.09248381918 0.02516588479 0)
(0.09104147077 0.02028767633 0)
(0.08991581998 0.01530659109 0)
(0.08911396307 0.01024779781 0)
(0.0886409994 0.005136944434 0)
(0.0885 0 0)
(0.1380755185 0.07076506722 0)
(0.1341753887 0.06922030113 0)
(0.1303238483 0.06736856802 0)
(0.1265448354 0.06521462728 0)
(0.1228618409 0.0627651021 0)
(0.1192977633 0.06002843855 0)
(0.1158747679 0.05701485356 0)
(0.11261415 0.05373627186 0)
(0.1095362032 0.05020625246 0)
(0.106660095 0.04643990504 0)
(0.1040037475 0.04245379675 0)
(0.1015837281 0.03826585003 0)
(0.09941514644 0.0338952321 0)
(0.09751156145 0.02936223674 0)
(0.0958848979 0.02468815914 0)
(0.09454537272 0.01989516457 0)
(0.09350143198 0.01500615169 0)
(0.09275969887 0.01004461129 0)
(0.09232493278 0.005034481472 0)
(0.0922 0 0)
(0.1383629815 0.07059613385 0)
(0.1347485752 0.06890456534 0)
(0.1311792877 0.06692795602 0)
(0.1276773472 0.06467072534 0)
(0.1242645665 0.06213902338 0)
(0.1209622087 0.05934069294 0)
(0.1177908559 0.05628522117 0)
(0.1147702821 0.05298368101 0)
(0.1119193316 0.049448663 0)
(0.1092558025 0.04569419754 0)
(0.106796337 0.04173566841 0)
(0.104556319 0.03758971788 0)
(0.1025497788 0.03327414409 0)
(0.1007893071 0.02880779125 0)
(0.09928597662 0.02421043349 0)
(0.09804927466 0.01950265282 0)
(0.09708704398 0.01470571228 0)
(0.09640543466 0.009841424766 0)
(0.09600886615 0.004932018509 0)
(0.0959 0 0)
(0.1386504445 0.07042720048 0)
(0.1353217618 0.06858882954 0)
(0.1320347271 0.06648734402 0)
(0.1288098589 0.06412682339 0)
(0.1256672922 0.06151294466 0)
(0.1226266542 0.05865294733 0)
(0.1197069439 0.05555558877 0)
(0.1169264143 0.05223109017 0)
(0.1143024599 0.04869107354 0)
(0.11185151 0.04494849004 0)
(0.1095889265 0.04101754007 0)
(0.1075289098 0.03691358574 0)
(0.1056844112 0.03265305608 0)
(0.1040670527 0.02825334577 0)
(0.1026870553 0.02373270783 0)
(0.1015531766 0.01911014106 0)
(0.100672656 0.01440527287 0)
(0.1000511705 0.009638238245 0)
(0.09969279952 0.004829555547 0)
(0.0996 0 0)
(0.1389379074 0.0702582671 0)
(0.1358949483 0.06827309375 0)
(0.1328901665 0.06604673201 0)
(0.1299423707 0.06358292144 0)
(0.1270700178 0.06088686594 0)
(0.1242910997 0.05796520172 0)
(0.1216230319 0.05482595637 0)
(0.1190825464 0.05147849932 0)
(0.1166855883 0.04793348408 0)
(0.1144472175 0.04420278254 0)
(0.1123815159 0.04029941173 0)
(0.1105015007 0.03623745359 0)
(0.1088190436 0.03203196807 0)
(0.1073447983 0.02769890029 0)
(0.1060881341 0.02325498218 0)
(0.1050570786 0.01871762931 0)
(0.104258268 0.01410483347 0)
(0.1036969063 0.009435051725 0)
(0.1033767329 0.004727092585 0)
(0.1033 0 0)
(0.1392253704 0.07008933373 0)
(0.1364681348 0.06795735795 0)
(0.1337456059 0.06560612001 0)
(0.1310748824 0.06303901949 0)
(0.1284727435 0.06026078722 0)
(0.1259555452 0.05727745611 0)
(0.1235391199 0.05409632397 0)
(0.1212386786 0.05072590847 0)
(0.1190687166 0.04717589462 0)
(0.117042925 0.04345707503 0)
(0.1151741054 0.03958128339 0)
(0.1134740915 0.03556132145 0)
(0.111953676 0.03141088007 0)
(0.1106225439 0.02714445481 0)
(0.1094892128 0.02277725653 0)
(0.1085609805 0.01832511755 0)
(0.10784388 0.01380439406 0)
(0.107342642 0.009231865204 0)
(0.1070606663 0.004624629623 0)
(0.107 0 0)
(0.1395128333 0.06992040036 0)
(0.1370413213 0.06764162216 0)
(0.1346010453 0.06516550801 0)
(0.1322073942 0.06249511754 0)
(0.1298754691 0.05963470849 0)
(0.1276199907 0.0565897105 0)
(0.1254552079 0.05336669158 0)
(0.1233948107 0.04997331762 0)
(0.1214518449 0.04641830516 0)
(0.1196386325 0.04271136753 0)
(0.1179666948 0.03886315505 0)
(0.1164466824 0.0348851893 0)
(0.1150883084 0.03078979206 0)
(0.1139002895 0.02659000933 0)
(0.1128902915 0.02229953088 0)
(0.1120648825 0.0179326058 0)
(0.111429492 0.01350395466 0)
(0.1109883778 0.009028678684 0)
(0.1107445996 0.00452216666 0)
(0.1107 0 0)
(0.1398002963 0.06975146698 0)
(0.1376145078 0.06732588636 0)
(0.1354564848 0.06472489601 0)
(0.133339906 0.06195121559 0)
(0.1312781948 0.05900862977 0)
(0.1292844362 0.05590196489 0)
(0.1273712959 0.05263705918 0)
(0.1255509428 0.04922072678 0)
(0.1238349733 0.04566071569 0)
(0.12223434 0.04196566003 0)
(0.1207592843 0.03814502671 0)
(0.1194192732 0.03420905716 0)
(0.1182229408 0.03016870405 0)
(0.1171780351 0.02603556385 0)
(0.1162913702 0.02182180522 0)
(0.1155687844 0.01754009404 0)
(0.115015104 0.01320351525 0)
(0.1146341136 0.008825492163 0)
(0.114428533 0.004419703698 0)
(0.1144 0 0)
(0.1400877593 0.06958253361 0)
(0.1381876944 0.06701015057 0)
(0.1363119242 0.06428428401 0)
(0.1344724177 0.06140731364 0)
(0.1326809204 0.05838255105 0)
(0.1309488816 0.05521421928 0)
(0.129287384 0.05190742678 0)
(0.127707075 0.04846813593 0)
(0.1262181016 0.04490312623 0)
(0.1248300475 0.04121995252 0)
(0.1235518738 0.03742689838 0)
(0.1223918641 0.03353292501 0)
(0.1213575732 0.02954761605 0)
(0.1204557807 0.02548111837 0)
(0.1196924489 0.02134407957 0)
(0.1190726864 0.01714758229 0)
(0.118600716 0.01290307584 0)
(0.1182798494 0.008622305643 0)
(0.1181124664 0.004317240736 0)
(0.1181 0 0)
(0.1403752222 0.06941360024 0)
(0.1387608809 0.06669441477 0)
(0.1371673636 0.06384367201 0)
(0.1356049295 0.06086341169 0)
(0.1340836461 0.05775647233 0)
(0.1326133271 0.05452647367 0)
(0.131203472 0.05117779438 0)
(0.1298632071 0.04771554508 0)
(0.12860123 0.04414553677 0)
(0.127425755 0.04047424502 0)
(0.1263444632 0.03670877004 0)
(0.1253644549 0.03285679287 0)
(0.1244922056 0.02892652804 0)
(0.1237335263 0.02492667289 0)
(0.1230935277 0.02086635392 0)
(0.1225765883 0.01675507053 0)
(0.122186328 0.01260263644 0)
(0.1219255852 0.008419119123 0)
(0.1217963998 0.004214777774 0)
(0.1218 0 0)
(0.1406626852 0.06924466687 0)
(0.1393340674 0.06637867898 0)
(0.138022803 0.06340306001 0)
(0.1367374412 0.06031950974 0)
(0.1354863717 0.05713039361 0)
(0.1342777726 0.05383872806 0)
(0.13311956 0.05044816199 0)
(0.1320193393 0.04696295424 0)
(0.1309843583 0.04338794731 0)
(0.1300214625 0.03972853752 0)
(0.1291370527 0.0359906417 0)
(0.1283370458 0.03218066072 0)
(0.127626838 0.02830544003 0)
(0.1270112719 0.02437222741 0)
(0.1264946064 0.02038862826 0)
(0.1260804903 0.01636255878 0)
(0.12577194 0.01230219703 0)
(0.125571321 0.008215932602 0)
(0.1254803331 0.004112314811 0)
(0.1255 0 0)
(0.1409501482 0.06907573349 0)
(0.1399072539 0.06606294318 0)
(0.1388782424 0.06296244801 0)
(0.137869953 0.0597756078 0)
(0.1368890974 0.05650431489 0)
(0.1359422181 0.05315098244 0)
(0.135035648 0.04971852959 0)
(0.1341754714 0.04621036339 0)
(0.1333674866 0.04263035785 0)
(0.13261717 0.03898283001 0)
(0.1319296422 0.03527251336 0)
(0.1313096366 0.03150452858 0)
(0.1307614704 0.02768435203 0)
(0.1302890176 0.02381778192 0)
(0.1298956851 0.01991090261 0)
(0.1295843922 0.01597004702 0)
(0.129357552 0.01200175762 0)
(0.1292170568 0.008012746082 0)
(0.1291642665 0.004009851849 0)
(0.1292 0 0)
(0.1412376111 0.06890680012 0)
(0.1404804404 0.06574720739 0)
(0.1397336818 0.062521836 0)
(0.1390024647 0.05923170585 0)
(0.138291823 0.05587823616 0)
(0.1376066636 0.05246323683 0)
(0.136951736 0.04898889719 0)
(0.1363316036 0.04545777254 0)
(0.135750615 0.04187276839 0)
(0.1352128775 0.03823712251 0)
(0.1347222316 0.03455438502 0)
(0.1342822275 0.03082839643 0)
(0.1338961028 0.02706326402 0)
(0.1335667632 0.02326333644 0)
(0.1332967638 0.01943317696 0)
(0.1330882942 0.01557753527 0)
(0.132943164 0.01170131822 0)
(0.1328627926 0.007809559561 0)
(0.1328481999 0.003907388887 0)
(0.1329 0 0)
(0.1415250741 0.06873786675 0)
(0.141053627 0.06543147159 0)
(0.1405891212 0.062081224 0)
(0.1401349765 0.0586878039 0)
(0.1396945487 0.05525215744 0)
(0.139271109 0.05177549122 0)
(0.138867824 0.04825926479 0)
(0.1384877357 0.04470518169 0)
(0.1381337433 0.04111517892 0)
(0.137808585 0.03749141501 0)
(0.1375148211 0.03383625668 0)
(0.1372548183 0.03015226429 0)
(0.1370307352 0.02644217601 0)
(0.1368445088 0.02270889096 0)
(0.1366978426 0.01895545131 0)
(0.1365921961 0.01518502351 0)
(0.136528776 0.01140087881 0)
(0.1365085284 0.007606373041 0)
(0.1365321333 0.003804925925 0)
(0.1366 0 0)
(0.141812537 0.06856893337 0)
(0.1416268135 0.0651157358 0)
(0.1414445606 0.061640612 0)
(0.1412674882 0.05814390195 0)
(0.1410972743 0.05462607872 0)
(0.1409355545 0.05108774561 0)
(0.140783912 0.0475296324 0)
(0.1406438679 0.04395259085 0)
(0.1405168717 0.04035758946 0)
(0.1404042925 0.0367457075 0)
(0.1403074105 0.03311812834 0)
(0.1402274092 0.02947613214 0)
(0.1401653676 0.02582108801 0)
(0.1401222544 0.02215444548 0)
(0.1400989213 0.01847772565 0)
(0.1400960981 0.01479251176 0)
(0.140114388 0.01110043941 0)
(0.1401542642 0.00740318652 0)
(0.1402160666 0.003702462962 0)
(0.1403 0 0)
(0.1421 0.0684 0)
(0.1422 0.0648 0)
(0.1423 0.0612 0)
(0.1424 0.0576 0)
(0.1425 0.054 0)
(0.1426 0.0504 0)
(0.1427 0.0468 0)
(0.1428 0.0432 0)
(0.1429 0.0396 0)
(0.143 0.036 0)
(0.1431 0.0324 0)
(0.1432 0.0288 0)
(0.1433 0.0252 0)
(0.1434 0.0216 0)
(0.1435 0.018 0)
(0.1436 0.0144 0)
(0.1437 0.0108 0)
(0.1438 0.0072 0)
(0.1439 0.0036 0)
(0.144 0 0)
(0.142 0.072 0.001)
(0.1363507408 0.07177866746 0.001)
(0.1307362696 0.0711147159 0.001)
(0.1251912119 0.07001224003 0.001)
(0.1197497649 0.06847803898 0.001)
(0.1144454869 0.06652157443 0.001)
(0.1093110904 0.06415491222 0.001)
(0.1043782399 0.06139264795 0.001)
(0.0996773571 0.05825181694 0.001)
(0.09523743321 0.05475178923 0.001)
(0.09108584994 0.05091415006 0.001)
(0.08724821077 0.04676256679 0.001)
(0.08374818306 0.0423226429 0.001)
(0.08060735205 0.03762176014 0.001)
(0.07784508778 0.03268890962 0.001)
(0.07547842557 0.02755451306 0.001)
(0.07352196102 0.0222502351 0.001)
(0.07198775997 0.01680878812 0.001)
(0.0708852841 0.01126373041 0.001)
(0.07022133254 0.005649259245 0.001)
(0.07 0 0.001)
(0.1366332037 0.07160973409 0.001)
(0.1312994561 0.07079898011 0.001)
(0.1260316513 0.06957162802 0.001)
(0.1208622767 0.06793413703 0.001)
(0.1158232126 0.06589549571 0.001)
(0.1109455359 0.06346716661 0.001)
(0.1062593279 0.06066301555 0.001)
(0.1017934892 0.0574992261 0.001)
(0.09757556155 0.05399419977 0.001)
(0.09363155744 0.05016844256 0.001)
(0.08998580023 0.04604443845 0.001)
(0.0866607739 0.04164651075 0.001)
(0.08367698445 0.03700067213 0.001)
(0.08105283339 0.03213446414 0.001)
(0.07880450429 0.0270767874 0.001)
(0.07694586297 0.02185772335 0.001)
(0.07548837198 0.01650834872 0.001)
(0.07444101989 0.01106054389 0.001)
(0.07381026591 0.005546796283 0.001)
(0.0736 0 0.001)
(0.1369156667 0.07144080071 0.001)
(0.1318626426 0.07048324431 0.001)
(0.1268720907 0.06913101602 0.001)
(0.1219747884 0.06739023508 0.001)
(0.1172009382 0.06526941699 0.001)
(0.1125799813 0.062779421 0.001)
(0.1081404159 0.05993338315 0.001)
(0.1039096214 0.05674663525 0.001)
(0.09991368989 0.05323661031 0.001)
(0.09617726494 0.04942273506 0.001)
(0.09272338969 0.04532631011 0.001)
(0.08957336475 0.04097037861 0.001)
(0.08674661685 0.03637958412 0.001)
(0.084260579 0.03158001866 0.001)
(0.08213058301 0.02659906175 0.001)
(0.08036976492 0.02146521159 0.001)
(0.07898898398 0.01620790931 0.001)
(0.07799675569 0.01085735737 0.001)
(0.07739919929 0.005444333321 0.001)
(0.0772 0 0.001)
(0.1371981296 0.07127186734 0.001)
(0.1324258292 0.07016750852 0.001)
(0.1277125301 0.06869040402 0.001)
(0.1230873002 0.06684633313 0.001)
(0.1185786639 0.06464333827 0.001)
(0.1142144268 0.06209167539 0.001)
(0.1100215039 0.05920375075 0.001)
(0.1060257535 0.0559940444 0.001)
(0.1022518182 0.05247902085 0.001)
(0.09872297245 0.04867702755 0.001)
(0.09546097915 0.04460818177 0.001)
(0.0924859556 0.04029424646 0.001)
(0.08981624925 0.03575849612 0.001)
(0.08746832461 0.03102557318 0.001)
(0.08545666173 0.0261213361 0.001)
(0.08379366687 0.02107269984 0.001)
(0.08248959598 0.0159074699 0.001)
(0.08155249148 0.01065417085 0.001)
(0.08098813266 0.005341870358 0.001)
(0.0808 0 0.001)
(0.1374805926 0.07110293397 0.001)
(0.1329890157 0.06985177272 0.001)
(0.1285529695 0.06824979202 0.001)
(0.1241998119 0.06630243118 0.001)
(0.1199563896 0.06401725954 0.001)
(0.1158488723 0.06140392978 0.001)
(0.1119025919 0.05847411836 0.001)
(0.1081418857 0.05524145355 0.001)
(0.1045899466 0.05172143139 0.001)
(0.1012686799 0.04793132005 0.001)
(0.09819856861 0.04389005343 0.001)
(0.09539854645 0.03961811432 0.001)
(0.09288588164 0.03513740811 0.001)
(0.09067607022 0.0304711277 0.001)
(0.08878274046 0.02564361044 0.001)
(0.08721756882 0.02068018808 0.001)
(0.08599020798 0.0156070305 0.001)
(0.08510822728 0.01045098433 0.001)
(0.08457706603 0.005239407396 0.001)
(0.0844 0 0.001)
(0.1377630556 0.0709340006 0.001)
(0.1335522022 0.06953603693 0.001)
(0.1293934089 0.06780918002 0.001)
(0.1253123237 0.06575852923 0.001)
(0.1213341152 0.06339118082 0.001)
(0.1174833178 0.06071618417 0.001)
(0.1137836799 0.05774448596 0.001)
(0.1102580178 0.05448886271 0.001)
(0.1069280749 0.05096384193 0.001)
(0.1038143875 0.04718561255 0.001)
(0.1009361581 0.04317192509 0.001)
(0.09831113729 0.03894198217 0.001)
(0.09595551404 0.0345163201 0.001)
(0.09388381583 0.02991668222 0.001)
(0.09210881918 0.02516588479 0.001)
(0.09064147077 0.02028767633 0.001)
(0.08949081998 0.01530659109 0.001)
(0.08866396307 0.01024779781 0.001)
(0.0881659994 0.005136944434 0.001)
(0.088 0 0.001)
(0.1380455185 0.07076506722 0.001)
(0.1341153887 0.06922030113 0.001)
(0.1302338483 0.06736856802 0.001)
(0.1264248354 0.06521462728 0.001)
(0.1227118409 0.0627651021 0.001)
(0.1191177633 0.06002843855 0.001)
(0.1156647679 0.05701485356 0.001)
(0.11237415 0.05373627186 0.001)
(0.1092662032 0.05020625246 0.001)
(0.106360095 0.04643990504 0.001)
(0.1036737475 0.04245379675 0.001)
(0.1012237281 0.03826585003 0.001)
(0.09902514644 0.0338952321 0.001)
(0.09709156145 0.02936223674 0.001)
(0.0954348979 0.02468815914 0.001)
(0.09406537272 0.01989516457 0.001)
(0.09299143198 0.01500615169 0.001)
(0.09221969887 0.01004461129 0.001)
(0.09175493278 0.005034481472 0.001)
(0.0916 0 0.001)
(0.1383279815 0.07059613385 0.001)
(0.1346785752 0.06890456534 0.001)
(0.1310742877 0.06692795602 0.001)
(0.1275373472 0.06467072534 0.001)
(0.1240895665 0.06213902338 0.001)
(0.1207522087 0.05934069294 0.001)
(0.1175458559 0.05628522117 0.001)
(0.1144902821 0.05298368101 0.001)
(0.1116043316 0.049448663 0.001)
(0.1089058025 0.04569419754 0.001)
(0.106411337 0.04173566841 0.001)
(0.104136319 0.03758971788 0.001)
(0.1020947788 0.03327414409 0.001)
(0.1002993071 0.02880779125 0.001)
(0.09876097662 0.02421043349 0.001)
(0.09748927466 0.01950265282 0.001)
(0.09649204398 0.01470571228 0.001)
(0.09577543466 0.009841424766 0.001)
(0.09534386615 0.004932018509 0.001)
(0.0952 0 0.001)
(0.1386104445 0.07042720048 0.001)
(0.1352417618 0.06858882954 0.001)
(0.1319147271 0.06648734402 0.001)
(0.1286498589 0.06412682339 0.001)
(0.1254672922 0.06151294466 0.001)
(0.1223866542 0.05865294733 0.001)
(0.1194269439 0.05555558877 0.001)
(0.1166064143 0.05223109017 0.001)
(0.1139424599 0.04869107354 0.001)
(0.11145151 0.04494849004 0.001)
(0.1091489265 0.04101754007 0.001)
(0.1070489098 0.03691358574 0.001)
(0.1051644112 0.03265305608 0.001)
(0.1035070527 0.02825334577 0.001)
(0.1020870553 0.02373270783 0.001)
(0.1009131766 0.01911014106 0.001)
(0.09999265598 0.01440527287 0.001)
(0.09933117046 0.009638238245 0.001)
(0.09893279952 0.004829555547 0.001)
(0.0988 0 0.001)
(0.1388929074 0.0702582671 0.001)
(0.1358049483 0.06827309375 0.001)
(0.1327551665 0.06604673201 0.001)
(0.1297623707 0.06358292144 0.001)
(0.1268450178 0.06088686594 0.001)
(0.1240210997 0.05796520172 0.001)
(0.1213080319 0.05482595637 0.001)
(0.1187225464 0.05147849932 0.001)
(0.1162805883 0.04793348408 0.001)
(0.1139972175 0.04420278254 0.001)
(0.1118865159 0.04029941173 0.001)
(0.1099615007 0.03623745359 0.001)
(0.1082340436 0.03203196807 0.001)
(0.1067147983 0.02769890029 0.001)
(0.1054131341 0.02325498218 0.001)
(0.1043370786 0.01871762931 0.001)
(0.103493268 0.01410483347 0.001)
(0.1028869063 0.009435051725 0.001)
(0.1025217329 0.004727092585 0.001)
(0.1024 0 0.001)
(0.1391753704 0.07008933373 0.001)
(0.1363681348 0.06795735795 0.001)
(0.1335956059 0.06560612001 0.001)
(0.1308748824 0.06303901949 0.001)
(0.1282227435 0.06026078722 0.001)
(0.1256555452 0.05727745611 0.001)
(0.1231891199 0.05409632397 0.001)
(0.1208386786 0.05072590847 0.001)
(0.1186187166 0.04717589462 0.001)
(0.116542925 0.04345707503 0.001)
(0.1146241054 0.03958128339 0.001)
(0.1128740915 0.03556132145 0.001)
(0.111303676 0.03141088007 0.001)
(0.1099225439 0.02714445481 0.001)
(0.1087392128 0.02277725653 0.001)
(0.1077609805 0.01832511755 0.001)
(0.10699388 0.01380439406 0.001)
(0.106442642 0.009231865204 0.001)
(0.1061106663 0.004624629623 0.001)
(0.106 0 0.001)
(0.1394578333 0.06992040036 0.001)
(0.1369313213 0.06764162216 0.001)
(0.1344360453 0.06516550801 0.001)
(0.1319873942 0.06249511754 0.001)
(0.1296004691 0.05963470849 0.001)
(0.1272899907 0.0565897105 0.001)
(0.1250702079 0.05336669158 0.001)
(0.1229548107 0.04997331762 0.001)
(0.1209568449 0.04641830516 0.001)
(0.1190886325 0.04271136753 0.001)
(0.1173616948 0.03886315505 0.001)
(0.1157866824 0.0348851893 0.001)
(0.1143733084 0.03078979206 0.001)
(0.1131302895 0.02659000933 0.001)
(0.1120652915 0.02229953088 0.001)
(0.1111848825 0.0179326058 0.001)
(0.110494492 0.01350395466 0.001)
(0.1099983778 0.009028678684 0.001)
(0.1096995996 0.00452216666 0.001)
(0.1096 0 0.001)
(0.1397402963 0.06975146698 0.001)
(0.1374945078 0.06732588636 0.001)
(0.1352764848 0.06472489601 0.001)
(0.133099906 0.06195121559 0.001)
(0.1309781948 0.05900862977 0.001)
(0.1289244362 0.05590196489 0.001)
(0.1269512959 0.05263705918 0.001)
(0.1250709428 0.04922072678 0.001)
(0.1232949733 0.04566071569 0.001)
(0.12163434 0.04196566003 0.001)
(0.1200992843 0.03814502671 0.001)
(0.1186992732 0.03420905716 0.001)
(0.1174429408 0.03016870405 0.001)
(0.1163380351 0.02603556385 0.001)
(0.1153913702 0.02182180522 0.001)
(0.1146087844 0.01754009404 0.001)
(0.113995104 0.01320351525 0.001)
(0.1135541136 0.008825492163 0.001)
(0.113288533 0.004419703698 0.001)
(0.1132 0 0.001)
(0.1400227593 0.06958253361 0.001)
(0.1380576944 0.06701015057 0.001)
(0.1361169242 0.06428428401 0.001)
(0.1342124177 0.06140731364 0.001)
(0.1323559204 0.05838255105 0.001)
(0.1305588816 0.05521421928 0.001)
(0.128832384 0.05190742678 0.001)
(0.127187075 0.04846813593 0.001)
(0.1256331016 0.04490312623 0.001)
(0.1241800475 0.04121995252 0.001)
(0.1228368738 0.03742689838 0.001)
(0.1216118641 0.03353292501 0.001)
(0.1205125732 0.02954761605 0.001)
(0.1195457807 0.02548111837 0.001)
(0.1187174489 0.02134407957 0.001)
(0.1180326864 0.01714758229 0.001)
(0.117495716 0.01290307584 0.001)
(0.1171098494 0.008622305643 0.001)
(0.1168774664 0.004317240736 0.001)
(0.1168 0 0.001)
(0.1403052222 0.06941360024 0.001)
(0.1386208809 0.06669441477 0.001)
(0.1369573636 0.06384367201 0.001)
(0.1353249295 0.06086341169 0.001)
(0.1337336461 0.05775647233 0.001)
(0.1321933271 0.05452647367 0.001)
(0.130713472 0.05117779438 0.001)
(0.1293032071 0.04771554508 0.001)
(0.12797123 0.04414553677 0.001)
(0.126725755 0.04047424502 0.001)
(0.1255744632 0.03670877004 0.001)
(0.1245244549 0.03285679287 0.001)
(0.1235822056 0.02892652804 0.001)
(0.1227535263 0.02492667289 0.001)
(0.1220435277 0.02086635392 0.001)
(0.1214565883 0.01675507053 0.001)
(0.120996328 0.01260263644 0.001)
(0.1206655852 0.008419119123 0.001)
(0.1204663998 0.004214777774 0.001)
(0.1204 0 0.001)
(0.1405876852 0.06924466687 0.001)
(0.1391840674 0.06637867898 0.001)
(0.137797803 0.06340306001 0.001)
(0.1364374412 0.06031950974 0.001)
(0.1351113717 0.05713039361 0.001)
(0.1338277726 0.05383872806 0.001)
(0.13259456 0.05044816199 0.001)
(0.1314193393 0.04696295424 0.001)
(0.1303093583 0.04338794731 0.001)
(0.1292714625 0.03972853752 0.001)
(0.1283120527 0.0359906417 0.001)
(0.1274370458 0.03218066072 0.001)
(0.126651838 0.02830544003 0.001)
(0.1259612719 0.02437222741 0.001)
(0.1253696064 0.02038862826 0.001)
(0.1248804903 0.01636255878 0.001)
(0.12449694 0.01230219703 0.001)
(0.124221321 0.008215932602 0.001)
(0.1240553331 0.004112314811 0.001)
(0.124 0 0.001)
(0.1408701482 0.06907573349 0.001)
(0.1397472539 0.06606294318 0.001)
(0.1386382424 0.06296244801 0.001)
(0.137549953 0.0597756078 0.001)
(0.1364890974 0.05650431489 0.001)
(0.1354622181 0.05315098244 0.001)
(0.134475648 0.04971852959 0.001)
(0.1335354714 0.04621036339 0.001)
(0.1326474866 0.04263035785 0.001)
(0.13181717 0.03898283001 0.001)
(0.1310496422 0.03527251336 0.001)
(0.1303496366 0.03150452858 0.001)
(0.1297214704 0.02768435203 0.001)
(0.1291690176 0.02381778192 0.001)
(0.1286956851 0.01991090261 0.001)
(0.1283043922 0.01597004702 0.001)
(0.127997552 0.01200175762 0.001)
(0.1277770568 0.008012746082 0.001)
(0.1276442665 0.004009851849 0.001)
(0.1276 0 0.001)
(0.1411526111 0.06890680012 0.001)
(0.1403104404 0.06574720739 0.001)
(0.1394786818 0.062521836 0.001)
(0.1386624647 0.05923170585 0.001)
(0.137866823 0.05587823616 0.001)
(0.1370966636 0.05246323683 0.001)
(0.136356736 0.04898889719 0.001)
(0.1356516036 0.04545777254 0.001)
(0.134985615 0.04187276839 0.001)
(0.1343628775 0.03823712251 0.001)
(0.1337872316 0.03455438502 0.001)
(0.1332622275 0.03082839643 0.001)
(0.1327911028 0.02706326402 0.001)
(0.1323767632 0.02326333644 0.001)
(0.1320217638 0.01943317696 0.001)
(0.1317282942 0.01557753527 0.001)
(0.131498164 0.01170131822 0.001)
(0.1313327926 0.007809559561 0.001)
(0.1312331999 0.003907388887 0.001)
(0.1312 0 0.001)
(0.1414350741 0.06873786675 0.001)
(0.140873627 0.06543147159 0.001)
(0.1403191212 0.062081224 0.001)
(0.1397749765 0.0586878039 0.001)
(0.1392445487 0.05525215744 0.001)
(0.138731109 0.05177549122 0.001)
(0.138237824 0.04825926479 0.001)
(0.1377677357 0.04470518169 0.001)
(0.1373237433 0.04111517892 0.001)
(0.136908585 0.03749141501 0.001)
(0.1365248211 0.03383625668 0.001)
(0.1361748183 0.03015226429 0.001)
(0.1358607352 0.02644217601 0.001)
(0.1355845088 0.02270889096 0.001)
(0.1353478426 0.01895545131 0.001)
(0.1351521961 0.01518502351 0.001)
(0.134998776 0.01140087881 0.001)
(0.1348885284 0.007606373041 0.001)
(0.1348221333 0.003804925925 0.001)
(0.1348 0 0.001)
(0.141717537 0.06856893337 0.001)
(0.1414368135 0.0651157358 0.001)
(0.1411595606 0.061640612 0.001)
(0.1408874882 0.05814390195 0.001)
(0.1406222743 0.05462607872 0.001)
(0.1403655545 0.05108774561 0.001)
(0.140118912 0.0475296324 0.001)
(0.1398838679 0.04395259085 0.001)
(0.1396618717 0.04035758946 0.001)
(0.1394542925 0.0367457075 0.001)
(0.1392624105 0.03311812834 0.001)
(0.1390874092 0.02947613214 0.001)
(0.1389303676 0.02582108801 0.001)
(0.1387922544 0.02215444548 0.001)
(0.1386739213 0.01847772565 0.001)
(0.1385760981 0.01479251176 0.001)
(0.138499388 0.01110043941 0.001)
(0.1384442642 0.00740318652 0.001)
(0.1384110666 0.003702462962 0.001)
(0.1384 0 0.001)
(0.142 0.0684 0.001)
(0.142 0.0648 0.001)
(0.142 0.0612 0.001)
(0.142 0.0576 0.001)
(0.142 0.054 0.001)
(0.142 0.0504 0.001)
(0.142 0.0468 0.001)
(0.142 0.0432 0.001)
(0.142 0.0396 0.001)
(0.142 0.036 0.001)
(0.142 0.0324 0.001)
(0.142 0.0288 0.001)
(0.142 0.0252 0.001)
(0.142 0.0216 0.001)
(0.142 0.018 0.001)
(0.142 0.0144 0.001)
(0.142 0.0108 0.001)
(0.142 0.0072 0.001)
(0.142 0.0036 0.001)
(0.142 0 0.001)
(0.1423775767 0.06856927875 0)
(0.1427534366 0.06511638001 0)
(0.1431258416 0.06164150735 0)
(0.1434930754 0.05814500028 0)
(0.1438534534 0.05462733222 0)
(0.1442053337 0.05108910748 0)
(0.1445471267 0.0475310576 0)
(0.1448773054 0.04395403678 0)
(0.1451944146 0.04035901659 0)
(0.14549708 0.03674708 0)
(0.1457840166 0.03311941463 0)
(0.1460540368 0.02947730543 0)
(0.1463060576 0.02582212672 0)
(0.1465391075 0.0221553337 0)
(0.1467523322 0.01847845343 0)
(0.1469450003 0.01479307538 0)
(0.1471165073 0.0111008416 0)
(0.14726638 0.007403436561 0)
(0.1473942788 0.003702576746 0)
(0.1475 0 0)
(0.1426551535 0.06873855751 0)
(0.1433068731 0.06543276003 0)
(0.1439516832 0.06208301469 0)
(0.1445861508 0.05869000057 0)
(0.1452069069 0.05525466444 0)
(0.1458106674 0.05177821496 0)
(0.1463942534 0.04826211521 0)
(0.1469546109 0.04470807356 0)
(0.1474888293 0.04111803319 0)
(0.14799416 0.03749416 0)
(0.1484680332 0.03383882926 0)
(0.1489080736 0.03015461085 0)
(0.1493121152 0.02644425344 0)
(0.149678215 0.02271066741 0)
(0.1500046644 0.01895690686 0)
(0.1502900006 0.01518615075 0)
(0.1505330147 0.01140168319 0)
(0.15073276 0.007606873122 0)
(0.1508885575 0.003805153492 0)
(0.151 0 0)
(0.1429327302 0.06890783626 0)
(0.1438603097 0.06574914004 0)
(0.1447775248 0.06252452204 0)
(0.1456792261 0.05923500085 0)
(0.1465603603 0.05588199665 0)
(0.1474160011 0.05246732245 0)
(0.1482413802 0.04899317281 0)
(0.1490319163 0.04546211034 0)
(0.1497832439 0.04187704978 0)
(0.15049124 0.03824124 0)
(0.1511520498 0.03455824388 0)
(0.1517621103 0.03083191628 0)
(0.1523181728 0.02706638016 0)
(0.1528173224 0.02326600111 0)
(0.1532569967 0.01943536029 0)
(0.1536350009 0.01557922613 0)
(0.153949522 0.01170252479 0)
(0.15419914 0.007810309683 0)
(0.1543828363 0.003907730239 0)
(0.1545 0 0)
(0.143210307 0.06907711501 0)
(0.1444137462 0.06606552006 0)
(0.1456033664 0.06296602939 0)
(0.1467723015 0.05978000114 0)
(0.1479138137 0.05650932887 0)
(0.1490213348 0.05315642993 0)
(0.1500885069 0.04972423041 0)
(0.1511092217 0.04621614712 0)
(0.1520776585 0.04263606637 0)
(0.15298832 0.03898832 0)
(0.1538360664 0.03527765851 0)
(0.1546161471 0.03150922171 0)
(0.1553242304 0.02768850689 0)
(0.1559564299 0.02382133481 0)
(0.1565093289 0.01991381372 0)
(0.1569800011 0.01597230151 0)
(0.1573660294 0.01200336638 0)
(0.1576655201 0.008013746244 0)
(0.157877115 0.004010306985 0)
(0.158 0 0)
(0.1434878837 0.06924639376 0)
(0.1449671828 0.06638190007 0)
(0.146429208 0.06340753674 0)
(0.1478653769 0.06032500142 0)
(0.1492672672 0.05713666109 0)
(0.1506266685 0.05384553741 0)
(0.1519356336 0.05045528802 0)
(0.1531865271 0.0469701839 0)
(0.1543720731 0.04339508297 0)
(0.1554854 0.0397354 0)
(0.156520083 0.03599707314 0)
(0.1574701839 0.03218652713 0)
(0.158330288 0.02831063361 0)
(0.1590955374 0.02437666852 0)
(0.1597616611 0.02039226716 0)
(0.1603250014 0.01636537689 0)
(0.1607825367 0.01230420798 0)
(0.1611319001 0.008217182805 0)
(0.1613713938 0.004112883731 0)
(0.1615 0 0)
(0.1437654605 0.06941567252 0)
(0.1455206194 0.06669828008 0)
(0.1472550496 0.06384904408 0)
(0.1489584523 0.0608700017 0)
(0.1506207206 0.05776399331 0)
(0.1522320022 0.05453464489 0)
(0.1537827603 0.05118634562 0)
(0.1552638326 0.04772422068 0)
(0.1566664878 0.04415409956 0)
(0.15798248 0.04048248 0)
(0.1592040996 0.03671648777 0)
(0.1603242207 0.03286383256 0)
(0.1613363456 0.02893276033 0)
(0.1622346449 0.02493200222 0)
(0.1630139933 0.02087072059 0)
(0.1636700017 0.01675845226 0)
(0.1641990441 0.01260504957 0)
(0.1645982801 0.008420619367 0)
(0.1648656725 0.004215460477 0)
(0.165 0 0)
(0.1440430372 0.06958495127 0)
(0.1460740559 0.0670146601 0)
(0.1480808912 0.06429055143 0)
(0.1500515276 0.06141500199 0)
(0.151974174 0.05839132553 0)
(0.1538373359 0.05522375237 0)
(0.155629887 0.05191740322 0)
(0.157341138 0.04847825745 0)
(0.1589609024 0.04491311615 0)
(0.16047956 0.04122956 0)
(0.1618881162 0.03743590239 0)
(0.1631782575 0.03354113799 0)
(0.1643424032 0.02955488705 0)
(0.1653737524 0.02548733593 0)
(0.1662663255 0.02134917402 0)
(0.167015002 0.01715152764 0)
(0.1676155514 0.01290589117 0)
(0.1680646601 0.008624055928 0)
(0.1683599513 0.004318037223 0)
(0.1685 0 0)
(0.144320614 0.06975423002 0)
(0.1466274925 0.06733104011 0)
(0.1489067328 0.06473205878 0)
(0.151144603 0.06196000227 0)
(0.1533276274 0.05901865775 0)
(0.1554426696 0.05591285986 0)
(0.1574770138 0.05264846083 0)
(0.1594184434 0.04923229423 0)
(0.161255317 0.04567213274 0)
(0.16297664 0.04197664 0)
(0.1645721327 0.03815531702 0)
(0.1660322942 0.03421844341 0)
(0.1673484608 0.03017701377 0)
(0.1685128599 0.02604266963 0)
(0.1695186577 0.02182762745 0)
(0.1703600023 0.01754460302 0)
(0.1710320588 0.01320673276 0)
(0.1715310401 0.008827492489 0)
(0.17185423 0.00442061397 0)
(0.172 0 0)
(0.1445981907 0.06992350878 0)
(0.147180929 0.06764742013 0)
(0.1497325744 0.06517356613 0)
(0.1522376784 0.06250500255 0)
(0.1546810809 0.05964598996 0)
(0.1570480033 0.05660196734 0)
(0.1593241405 0.05337951843 0)
(0.1614957488 0.04998633101 0)
(0.1635497316 0.04643114934 0)
(0.16547372 0.04272372 0)
(0.1672561493 0.03887473165 0)
(0.168886331 0.03489574884 0)
(0.1703545184 0.03079914049 0)
(0.1716519673 0.02659800333 0)
(0.17277099 0.02230608088 0)
(0.1737050026 0.01793767839 0)
(0.1744485661 0.01350757436 0)
(0.1749974201 0.00903092905 0)
(0.1753485088 0.004523190716 0)
(0.1755 0 0)
(0.1448757675 0.07009278753 0)
(0.1477343656 0.06796380014 0)
(0.150558416 0.06561507347 0)
(0.1533307538 0.06305000284 0)
(0.1560345343 0.06027332218 0)
(0.158653337 0.05729107482 0)
(0.1611712672 0.05411057603 0)
(0.1635730543 0.05074036779 0)
(0.1658441463 0.04719016593 0)
(0.1679708 0.0434708 0)
(0.1699401659 0.03959414628 0)
(0.1717403678 0.03557305427 0)
(0.173360576 0.03142126721 0)
(0.1747910748 0.02715333704 0)
(0.1760233222 0.02278453431 0)
(0.1770500028 0.01833075377 0)
(0.1778650735 0.01380841595 0)
(0.1784638001 0.009234365611 0)
(0.1788427875 0.004625767462 0)
(0.179 0 0)
(0.1451533442 0.07026206628 0)
(0.1482878022 0.06828018015 0)
(0.1513842576 0.06605658082 0)
(0.1544238291 0.06359500312 0)
(0.1573879877 0.0609006544 0)
(0.1602586707 0.0579801823 0)
(0.1630183939 0.05484163363 0)
(0.1656503597 0.05149440457 0)
(0.1681385609 0.04794918252 0)
(0.17046788 0.04421788 0)
(0.1726241825 0.0403135609 0)
(0.1745944046 0.0362503597 0)
(0.1763666336 0.03204339394 0)
(0.1779301823 0.02770867074 0)
(0.1792756544 0.02326298774 0)
(0.1803950031 0.01872382915 0)
(0.1812815808 0.01410925755 0)
(0.1819301802 0.009437802172 0)
(0.1823370663 0.004728344208 0)
(0.1825 0 0)
(0.145430921 0.07043134503 0)
(0.1488412387 0.06859656017 0)
(0.1522100991 0.06649808817 0)
(0.1555169045 0.06414000341 0)
(0.1587414412 0.06152798662 0)
(0.1618640044 0.05866928979 0)
(0.1648655207 0.05557269124 0)
(0.1677276651 0.05224844135 0)
(0.1704329755 0.04870819912 0)
(0.17296496 0.04496496 0)
(0.1753081991 0.04103297553 0)
(0.1774484414 0.03692766512 0)
(0.1793726912 0.03266552066 0)
(0.1810692898 0.02826400444 0)
(0.1825279866 0.02374144117 0)
(0.1837400034 0.01911690453 0)
(0.1846980882 0.01441009915 0)
(0.1853965602 0.009641238733 0)
(0.185831345 0.004830920955 0)
(0.186 0 0)
(0.1457084977 0.07060062379 0)
(0.1493946753 0.06891294018 0)
(0.1530359407 0.06693959552 0)
(0.1566099799 0.06468500369 0)
(0.1600948946 0.06215531884 0)
(0.1634693381 0.05935839727 0)
(0.1667126474 0.05630374884 0)
(0.1698049705 0.05300247813 0)
(0.1727273902 0.04946721571 0)
(0.17546204 0.04571204 0)
(0.1779922157 0.04175239016 0)
(0.1803024781 0.03760497055 0)
(0.1823787488 0.03328764738 0)
(0.1842083973 0.02881933815 0)
(0.1857803188 0.02421989461 0)
(0.1870850037 0.0195099799 0)
(0.1881145955 0.01471094074 0)
(0.1888629402 0.009844675294 0)
(0.1893256238 0.004933497701 0)
(0.1895 0 0)
(0.1459860744 0.07076990254 0)
(0.1499481119 0.0692293202 0)
(0.1538617823 0.06738110286 0)
(0.1577030553 0.06523000397 0)
(0.161448348 0.06278265106 0)
(0.1650746719 0.06004750475 0)
(0.1685597741 0.05703480644 0)
(0.171882276 0.05375651491 0)
(0.1750218048 0.0502262323 0)
(0.17795912 0.04645912 0)
(0.1806762323 0.04247180479 0)
(0.1831565149 0.03828227598 0)
(0.1853848064 0.0339097741 0)
(0.1873475047 0.02937467185 0)
(0.1890326511 0.02469834804 0)
(0.190430004 0.01990305528 0)
(0.1915311029 0.01501178234 0)
(0.1923293202 0.01004811186 0)
(0.1928199025 0.005036074447 0)
(0.193 0 0)
(0.1462636512 0.07093918129 0)
(0.1505015484 0.06954570021 0)
(0.1546876239 0.06782261021 0)
(0.1587961307 0.06577500426 0)
(0.1628018015 0.06340998327 0)
(0.1666800056 0.06073661223 0)
(0.1704069008 0.05776586405 0)
(0.1739595814 0.05451055169 0)
(0.1773162194 0.0509852489 0)
(0.1804562 0.0472062 0)
(0.1833602489 0.04319121941 0)
(0.1860105517 0.0389595814 0)
(0.188390864 0.03453190082 0)
(0.1904866122 0.02993000556 0)
(0.1922849833 0.02517680147 0)
(0.1937750043 0.02029613066 0)
(0.1949476102 0.01531262393 0)
(0.1957957002 0.01025154842 0)
(0.1963141813 0.005138651193 0)
(0.1965 0 0)
(0.1465412279 0.07110846005 0)
(0.151054985 0.06986208022 0)
(0.1555134655 0.06826411756 0)
(0.159889206 0.06632000454 0)
(0.1641552549 0.06403731549 0)
(0.1682853393 0.06142571971 0)
(0.1722540275 0.05849692165 0)
(0.1760368868 0.05526458847 0)
(0.179610634 0.05174426549 0)
(0.18295328 0.04795328 0)
(0.1860442655 0.04391063404 0)
(0.1888645885 0.03963688683 0)
(0.1913969217 0.03515402754 0)
(0.1936257197 0.03048533926 0)
(0.1955373155 0.0256552549 0)
(0.1971200045 0.02068920603 0)
(0.1983641176 0.01561346553 0)
(0.1992620802 0.01045498498 0)
(0.19980846 0.005241227939 0)
(0.2 0 0)
(0.1468188047 0.0712777388 0)
(0.1516084215 0.07017846024 0)
(0.1563393071 0.06870562491 0)
(0.1609822814 0.06686500482 0)
(0.1655087083 0.06466464771 0)
(0.169890673 0.0621148272 0)
(0.1741011543 0.05922797925 0)
(0.1781141923 0.05601862525 0)
(0.1819050487 0.05250328208 0)
(0.18545036 0.04870036 0)
(0.1887282821 0.04463004867 0)
(0.1917186252 0.04031419226 0)
(0.1944029793 0.03577615426 0)
(0.1967648272 0.03104067296 0)
(0.1987896477 0.02613370833 0)
(0.2004650048 0.02108228141 0)
(0.2017806249 0.01591430712 0)
(0.2027284602 0.01065842154 0)
(0.2033027388 0.005343804686 0)
(0.2035 0 0)
(0.1470963814 0.07144701755 0)
(0.1521618581 0.07049484025 0)
(0.1571651487 0.06914713225 0)
(0.1620753568 0.06741000511 0)
(0.1668621618 0.06529197993 0)
(0.1714960067 0.06280393468 0)
(0.175948281 0.05995903686 0)
(0.1801914977 0.05677266203 0)
(0.1841994633 0.05326229867 0)
(0.18794744 0.04944744 0)
(0.1914122987 0.0453494633 0)
(0.194572662 0.04099149768 0)
(0.1974090369 0.03639828099 0)
(0.1999039347 0.03159600667 0)
(0.2020419799 0.02661216176 0)
(0.2038100051 0.02147535679 0)
(0.2051971323 0.01621514872 0)
(0.2061948403 0.0108618581 0)
(0.2067970176 0.005446381432 0)
(0.207 0 0)
(0.1473739582 0.0716162963 0)
(0.1527152947 0.07081122026 0)
(0.1579909903 0.0695886396 0)
(0.1631684322 0.06795500539 0)
(0.1682156152 0.06591931215 0)
(0.1731013404 0.06349304216 0)
(0.1777954077 0.06069009446 0)
(0.1822688031 0.05752669881 0)
(0.1864938779 0.05402131527 0)
(0.19044452 0.05019452 0)
(0.1940963153 0.04606887792 0)
(0.1974266988 0.04166880311 0)
(0.2004150945 0.03702040771 0)
(0.2030430422 0.03215134037 0)
(0.2052943121 0.02709061519 0)
(0.2071550054 0.02186843216 0)
(0.2086136396 0.01651599031 0)
(0.2096612203 0.01106529466 0)
(0.2102912963 0.005548958178 0)
(0.2105 0 0)
(0.1476515349 0.07178557506 0)
(0.1532687312 0.07112760028 0)
(0.1588168319 0.07003014695 0)
(0.1642615075 0.06850000568 0)
(0.1695690686 0.06654664436 0)
(0.1747066741 0.06418214964 0)
(0.1796425344 0.06142115206 0)
(0.1843461085 0.05828073559 0)
(0.1887882926 0.05478033186 0)
(0.1929416 0.0509416 0)
(0.1967803319 0.04678829255 0)
(0.2002807356 0.04234610854 0)
(0.2034211521 0.03764253443 0)
(0.2061821496 0.03270667407 0)
(0.2085466444 0.02756906862 0)
(0.2105000057 0.02226150754 0)
(0.2120301469 0.01681683191 0)
(0.2131276003 0.01126873122 0)
(0.2137855751 0.005651534924 0)
(0.214 0 0)
(0.1422825767 0.06856927875 0.001)
(0.1425634366 0.06511638001 0.001)
(0.1428408416 0.06164150735 0.001)
(0.1431130754 0.05814500028 0.001)
(0.1433784534 0.05462733222 0.001)
(0.1436353337 0.05108910748 0.001)
(0.1438821267 0.0475310576 0.001)
(0.1441173054 0.04395403678 0.001)
(0.1443394146 0.04035901659 0.001)
(0.14454708 0.03674708 0.001)
(0.1447390166 0.03311941463 0.001)
(0.1449140368 0.02947730543 0.001)
(0.1450710576 0.02582212672 0.001)
(0.1452091075 0.0221553337 0.001)
(0.1453273322 0.01847845343 0.001)
(0.1454250003 0.01479307538 0.001)
(0.1455015073 0.0111008416 0.001)
(0.14555638 0.007403436561 0.001)
(0.1455892788 0.003702576746 0.001)
(0.1456 0 0.001)
(0.1425651535 0.06873855751 0.001)
(0.1431268731 0.06543276003 0.001)
(0.1436816832 0.06208301469 0.001)
(0.1442261508 0.05869000057 0.001)
(0.1447569069 0.05525466444 0.001)
(0.1452706674 0.05177821496 0.001)
(0.1457642534 0.04826211521 0.001)
(0.1462346109 0.04470807356 0.001)
(0.1466788293 0.04111803319 0.001)
(0.14709416 0.03749416 0.001)
(0.1474780332 0.03383882926 0.001)
(0.1478280736 0.03015461085 0.001)
(0.1481421152 0.02644425344 0.001)
(0.148418215 0.02271066741 0.001)
(0.1486546644 0.01895690686 0.001)
(0.1488500006 0.01518615075 0.001)
(0.1490030147 0.01140168319 0.001)
(0.14911276 0.007606873122 0.001)
(0.1491785575 0.003805153492 0.001)
(0.1492 0 0.001)
(0.1428477302 0.06890783626 0.001)
(0.1436903097 0.06574914004 0.001)
(0.1445225248 0.06252452204 0.001)
(0.1453392261 0.05923500085 0.001)
(0.1461353603 0.05588199665 0.001)
(0.1469060011 0.05246732245 0.001)
(0.1476463802 0.04899317281 0.001)
(0.1483519163 0.04546211034 0.001)
(0.1490182439 0.04187704978 0.001)
(0.14964124 0.03824124 0.001)
(0.1502170498 0.03455824388 0.001)
(0.1507421103 0.03083191628 0.001)
(0.1512131728 0.02706638016 0.001)
(0.1516273224 0.02326600111 0.001)
(0.1519819967 0.01943536029 0.001)
(0.1522750009 0.01557922613 0.001)
(0.152504522 0.01170252479 0.001)
(0.15266914 0.007810309683 0.001)
(0.1527678363 0.003907730239 0.001)
(0.1528 0 0.001)
(0.143130307 0.06907711501 0.001)
(0.1442537462 0.06606552006 0.001)
(0.1453633664 0.06296602939 0.001)
(0.1464523015 0.05978000114 0.001)
(0.1475138137 0.05650932887 0.001)
(0.1485413348 0.05315642993 0.001)
(0.1495285069 0.04972423041 0.001)
(0.1504692217 0.04621614712 0.001)
(0.1513576585 0.04263606637 0.001)
(0.15218832 0.03898832 0.001)
(0.1529560664 0.03527765851 0.001)
(0.1536561471 0.03150922171 0.001)
(0.1542842304 0.02768850689 0.001)
(0.1548364299 0.02382133481 0.001)
(0.1553093289 0.01991381372 0.001)
(0.1557000011 0.01597230151 0.001)
(0.1560060294 0.01200336638 0.001)
(0.1562255201 0.008013746244 0.001)
(0.156357115 0.004010306985 0.001)
(0.1564 0 0.001)
(0.1434128837 0.06924639376 0.001)
(0.1448171828 0.06638190007 0.001)
(0.146204208 0.06340753674 0.001)
(0.1475653769 0.06032500142 0.001)
(0.1488922672 0.05713666109 0.001)
(0.1501766685 0.05384553741 0.001)
(0.1514106336 0.05045528802 0.001)
(0.1525865271 0.0469701839 0.001)
(0.1536970731 0.04339508297 0.001)
(0.1547354 0.0397354 0.001)
(0.155695083 0.03599707314 0.001)
(0.1565701839 0.03218652713 0.001)
(0.157355288 0.02831063361 0.001)
(0.1580455374 0.02437666852 0.001)
(0.1586366611 0.02039226716 0.001)
(0.1591250014 0.01636537689 0.001)
(0.1595075367 0.01230420798 0.001)
(0.1597819001 0.008217182805 0.001)
(0.1599463938 0.004112883731 0.001)
(0.16 0 0.001)
(0.1436954605 0.06941567252 0.001)
(0.1453806194 0.06669828008 0.001)
(0.1470450496 0.06384904408 0.001)
(0.1486784523 0.0608700017 0.001)
(0.1502707206 0.05776399331 0.001)
(0.1518120022 0.05453464489 0.001)
(0.1532927603 0.05118634562 0.001)
(0.1547038326 0.04772422068 0.001)
(0.1560364878 0.04415409956 0.001)
(0.15728248 0.04048248 0.001)
(0.1584340996 0.03671648777 0.001)
(0.1594842207 0.03286383256 0.001)
(0.1604263456 0.02893276033 0.001)
(0.1612546449 0.02493200222 0.001)
(0.1619639933 0.02087072059 0.001)
(0.1625500017 0.01675845226 0.001)
(0.1630090441 0.01260504957 0.001)
(0.1633382801 0.008420619367 0.001)
(0.1635356725 0.004215460477 0.001)
(0.1636 0 0.001)
(0.1439780372 0.06958495127 0.001)
(0.1459440559 0.0670146601 0.001)
(0.1478858912 0.06429055143 0.001)
(0.1497915276 0.06141500199 0.001)
(0.151649174 0.05839132553 0.001)
(0.1534473359 0.05522375237 0.001)
(0.155174887 0.05191740322 0.001)
(0.156821138 0.04847825745 0.001)
(0.1583759024 0.04491311615 0.001)
(0.15982956 0.04122956 0.001)
(0.1611731162 0.03743590239 0.001)
(0.1623982575 0.03354113799 0.001)
(0.1634974032 0.02955488705 0.001)
(0.1644637524 0.02548733593 0.001)
(0.1652913255 0.02134917402 0.001)
(0.165975002 0.01715152764 0.001)
(0.1665105514 0.01290589117 0.001)
(0.1668946601 0.008624055928 0.001)
(0.1671249513 0.004318037223 0.001)
(0.1672 0 0.001)
(0.144260614 0.06975423002 0.001)
(0.1465074925 0.06733104011 0.001)
(0.1487267328 0.06473205878 0.001)
(0.150904603 0.06196000227 0.001)
(0.1530276274 0.05901865775 0.001)
(0.1550826696 0.05591285986 0.001)
(0.1570570138 0.05264846083 0.001)
(0.1589384434 0.04923229423 0.001)
(0.160715317 0.04567213274 0.001)
(0.16237664 0.04197664 0.001)
(0.1639121327 0.03815531702 0.001)
(0.1653122942 0.03421844341 0.001)
(0.1665684608 0.03017701377 0.001)
(0.1676728599 0.02604266963 0.001)
(0.1686186577 0.02182762745 0.001)
(0.1694000023 0.01754460302 0.001)
(0.1700120588 0.01320673276 0.001)
(0.1704510401 0.008827492489 0.001)
(0.17071423 0.00442061397 0.001)
(0.1708 0 0.001)
(0.1445431907 0.06992350878 0.001)
(0.147070929 0.06764742013 0.001)
(0.1495675744 0.06517356613 0.001)
(0.1520176784 0.06250500255 0.001)
(0.1544060809 0.05964598996 0.001)
(0.1567180033 0.05660196734 0.001)
(0.1589391405 0.05337951843 0.001)
(0.1610557488 0.04998633101 0.001)
(0.1630547316 0.04643114934 0.001)
(0.16492372 0.04272372 0.001)
(0.1666511493 0.03887473165 0.001)
(0.168226331 0.03489574884 0.001)
(0.1696395184 0.03079914049 0.001)
(0.1708819673 0.02659800333 0.001)
(0.17194599 0.02230608088 0.001)
(0.1728250026 0.01793767839 0.001)
(0.1735135661 0.01350757436 0.001)
(0.1740074201 0.00903092905 0.001)
(0.1743035088 0.004523190716 0.001)
(0.1744 0 0.001)
(0.1448257675 0.07009278753 0.001)
(0.1476343656 0.06796380014 0.001)
(0.150408416 0.06561507347 0.001)
(0.1531307538 0.06305000284 0.001)
(0.1557845343 0.06027332218 0.001)
(0.158353337 0.05729107482 0.001)
(0.1608212672 0.05411057603 0.001)
(0.1631730543 0.05074036779 0.001)
(0.1653941463 0.04719016593 0.001)
(0.1674708 0.0434708 0.001)
(0.1693901659 0.03959414628 0.001)
(0.1711403678 0.03557305427 0.001)
(0.172710576 0.03142126721 0.001)
(0.1740910748 0.02715333704 0.001)
(0.1752733222 0.02278453431 0.001)
(0.1762500028 0.01833075377 0.001)
(0.1770150735 0.01380841595 0.001)
(0.1775638001 0.009234365611 0.001)
(0.1778927875 0.004625767462 0.001)
(0.178 0 0.001)
(0.1451083442 0.07026206628 0.001)
(0.1481978022 0.06828018015 0.001)
(0.1512492576 0.06605658082 0.001)
(0.1542438291 0.06359500312 0.001)
(0.1571629877 0.0609006544 0.001)
(0.1599886707 0.0579801823 0.001)
(0.1627033939 0.05484163363 0.001)
(0.1652903597 0.05149440457 0.001)
(0.1677335609 0.04794918252 0.001)
(0.17001788 0.04421788 0.001)
(0.1721291825 0.0403135609 0.001)
(0.1740544046 0.0362503597 0.001)
(0.1757816336 0.03204339394 0.001)
(0.1773001823 0.02770867074 0.001)
(0.1786006544 0.02326298774 0.001)
(0.1796750031 0.01872382915 0.001)
(0.1805165808 0.01410925755 0.001)
(0.1811201802 0.009437802172 0.001)
(0.1814820663 0.004728344208 0.001)
(0.1816 0 0.001)
(0.145390921 0.07043134503 0.001)
(0.1487612387 0.06859656017 0.001)
(0.1520900991 0.06649808817 0.001)
(0.1553569045 0.06414000341 0.001)
(0.1585414412 0.06152798662 0.001)
(0.1616240044 0.05866928979 0.001)
(0.1645855207 0.05557269124 0.001)
(0.1674076651 0.05224844135 0.001)
(0.1700729755 0.04870819912 0.001)
(0.17256496 0.04496496 0.001)
(0.1748681991 0.04103297553 0.001)
(0.1769684414 0.03692766512 0.001)
(0.1788526912 0.03266552066 0.001)
(0.1805092898 0.02826400444 0.001)
(0.1819279866 0.02374144117 0.001)
(0.1831000034 0.01911690453 0.001)
(0.1840180882 0.01441009915 0.001)
(0.1846765602 0.009641238733 0.001)
(0.185071345 0.004830920955 0.001)
(0.1852 0 0.001)
(0.1456734977 0.07060062379 0.001)
(0.1493246753 0.06891294018 0.001)
(0.1529309407 0.06693959552 0.001)
(0.1564699799 0.06468500369 0.001)
(0.1599198946 0.06215531884 0.001)
(0.1632593381 0.05935839727 0.001)
(0.1664676474 0.05630374884 0.001)
(0.1695249705 0.05300247813 0.001)
(0.1724123902 0.04946721571 0.001)
(0.17511204 0.04571204 0.001)
(0.1776072157 0.04175239016 0.001)
(0.1798824781 0.03760497055 0.001)
(0.1819237488 0.03328764738 0.001)
(0.1837183973 0.02881933815 0.001)
(0.1852553188 0.02421989461 0.001)
(0.1865250037 0.0195099799 0.001)
(0.1875195955 0.01471094074 0.001)
(0.1882329402 0.009844675294 0.001)
(0.1886606238 0.004933497701 0.001)
(0.1888 0 0.001)
(0.1459560744 0.07076990254 0.001)
(0.1498881119 0.0692293202 0.001)
(0.1537717823 0.06738110286 0.001)
(0.1575830553 0.06523000397 0.001)
(0.161298348 0.06278265106 0.001)
(0.1648946719 0.06004750475 0.001)
(0.1683497741 0.05703480644 0.001)
(0.171642276 0.05375651491 0.001)
(0.1747518048 0.0502262323 0.001)
(0.17765912 0.04645912 0.001)
(0.1803462323 0.04247180479 0.001)
(0.1827965149 0.03828227598 0.001)
(0.1849948064 0.0339097741 0.001)
(0.1869275047 0.02937467185 0.001)
(0.1885826511 0.02469834804 0.001)
(0.189950004 0.01990305528 0.001)
(0.1910211029 0.01501178234 0.001)
(0.1917893202 0.01004811186 0.001)
(0.1922499025 0.005036074447 0.001)
(0.1924 0 0.001)
(0.1462386512 0.07093918129 0.001)
(0.1504515484 0.06954570021 0.001)
(0.1546126239 0.06782261021 0.001)
(0.1586961307 0.06577500426 0.001)
(0.1626768015 0.06340998327 0.001)
(0.1665300056 0.06073661223 0.001)
(0.1702319008 0.05776586405 0.001)
(0.1737595814 0.05451055169 0.001)
(0.1770912194 0.0509852489 0.001)
(0.1802062 0.0472062 0.001)
(0.1830852489 0.04319121941 0.001)
(0.1857105517 0.0389595814 0.001)
(0.188065864 0.03453190082 0.001)
(0.1901366122 0.02993000556 0.001)
(0.1919099833 0.02517680147 0.001)
(0.1933750043 0.02029613066 0.001)
(0.1945226102 0.01531262393 0.001)
(0.1953457002 0.01025154842 0.001)
(0.1958391813 0.005138651193 0.001)
(0.196 0 0.001)
(0.1465212279 0.07110846005 0.001)
(0.151014985 0.06986208022 0.001)
(0.1554534655 0.06826411756 0.001)
(0.159809206 0.06632000454 0.001)
(0.1640552549 0.06403731549 0.001)
(0.1681653393 0.06142571971 0.001)
(0.1721140275 0.05849692165 0.001)
(0.1758768868 0.05526458847 0.001)
(0.179430634 0.05174426549 0.001)
(0.18275328 0.04795328 0.001)
(0.1858242655 0.04391063404 0.001)
(0.1886245885 0.03963688683 0.001)
(0.1911369217 0.03515402754 0.001)
(0.1933457197 0.03048533926 0.001)
(0.1952373155 0.0256552549 0.001)
(0.1968000045 0.02068920603 0.001)
(0.1980241176 0.01561346553 0.001)
(0.1989020802 0.01045498498 0.001)
(0.19942846 0.005241227939 0.001)
(0.1996 0 0.001)
(0.1468038047 0.0712777388 0.001)
(0.1515784215 0.07017846024 0.001)
(0.1562943071 0.06870562491 0.001)
(0.1609222814 0.06686500482 0.001)
(0.1654337083 0.06466464771 0.001)
(0.169800673 0.0621148272 0.001)
(0.1739961543 0.05922797925 0.001)
(0.1779941923 0.05601862525 0.001)
(0.1817700487 0.05250328208 0.001)
(0.18530036 0.04870036 0.001)
(0.1885632821 0.04463004867 0.001)
(0.1915386252 0.04031419226 0.001)
(0.1942079793 0.03577615426 0.001)
(0.1965548272 0.03104067296 0.001)
(0.1985646477 0.02613370833 0.001)
(0.2002250048 0.02108228141 0.001)
(0.2015256249 0.01591430712 0.001)
(0.2024584602 0.01065842154 0.001)
(0.2030177388 0.005343804686 0.001)
(0.2032 0 0.001)
(0.1470863814 0.07144701755 0.001)
(0.1521418581 0.07049484025 0.001)
(0.1571351487 0.06914713225 0.001)
(0.1620353568 0.06741000511 0.001)
(0.1668121618 0.06529197993 0.001)
(0.1714360067 0.06280393468 0.001)
(0.175878281 0.05995903686 0.001)
(0.1801114977 0.05677266203 0.001)
(0.1841094633 0.05326229867 0.001)
(0.18784744 0.04944744 0.001)
(0.1913022987 0.0453494633 0.001)
(0.194452662 0.04099149768 0.001)
(0.1972790369 0.03639828099 0.001)
(0.1997639347 0.03159600667 0.001)
(0.2018919799 0.02661216176 0.001)
(0.2036500051 0.02147535679 0.001)
(0.2050271323 0.01621514872 0.001)
(0.2060148403 0.0108618581 0.001)
(0.2066070176 0.005446381432 0.001)
(0.2068 0 0.001)
(0.1473689582 0.0716162963 0.001)
(0.1527052947 0.07081122026 0.001)
(0.1579759903 0.0695886396 0.001)
(0.1631484322 0.06795500539 0.001)
(0.1681906152 0.06591931215 0.001)
(0.1730713404 0.06349304216 0.001)
(0.1777604077 0.06069009446 0.001)
(0.1822288031 0.05752669881 0.001)
(0.1864488779 0.05402131527 0.001)
(0.19039452 0.05019452 0.001)
(0.1940413153 0.04606887792 0.001)
(0.1973666988 0.04166880311 0.001)
(0.2003500945 0.03702040771 0.001)
(0.2029730422 0.03215134037 0.001)
(0.2052193121 0.02709061519 0.001)
(0.2070750054 0.02186843216 0.001)
(0.2085286396 0.01651599031 0.001)
(0.2095712203 0.01106529466 0.001)
(0.2101962963 0.005548958178 0.001)
(0.2104 0 0.001)
(0.1476515349 0.07178557506 0.001)
(0.1532687312 0.07112760028 0.001)
(0.1588168319 0.07003014695 0.001)
(0.1642615075 0.06850000568 0.001)
(0.1695690686 0.06654664436 0.001)
(0.1747066741 0.06418214964 0.001)
(0.1796425344 0.06142115206 0.001)
(0.1843461085 0.05828073559 0.001)
(0.1887882926 0.05478033186 0.001)
(0.1929416 0.0509416 0.001)
(0.1967803319 0.04678829255 0.001)
(0.2002807356 0.04234610854 0.001)
(0.2034211521 0.03764253443 0.001)
(0.2061821496 0.03270667407 0.001)
(0.2085466444 0.02756906862 0.001)
(0.2105000057 0.02226150754 0.001)
(0.2120301469 0.01681683191 0.001)
(0.2131276003 0.01126873122 0.001)
(0.2137855751 0.005651534924 0.001)
(0.214 0 0.001)
)


// ************************************************************************* //
